date	t  	rh  	u  	p  	Qsi  	T_g  
20101001T010000	2.219	76.903	3.103	0.0000	1.276	2.687
20101001T020000	2.071	72.340	3.360	0.0202	0.000	2.515
20101001T030000	2.136	67.763	1.980	0.0000	1.333	2.363
20101001T040000	2.290	63.898	3.051	0.0030	1.418	2.222
20101001T050000	2.637	58.740	4.221	0.0071	0.652	2.084
20101001T060000	3.490	51.615	4.882	0.0071	1.304	1.951
20101001T070000	3.587	50.355	3.012	0.0131	1.701	1.836
20101001T080000	4.987	45.430	2.869	0.0454	20.438	1.728
20101001T090000	5.708	48.340	4.620	0.1039	105.955	1.614
20101001T100000	6.898	45.580	3.542	0.0000	243.650	1.526
20101001T110000	8.110	43.903	4.381	0.0000	355.325	1.473
20101001T120000	10.340	35.713	2.251	0.0000	450.175	1.653
20101001T130000	12.393	31.583	3.626	0.0000	561.525	2.539
20101001T140000	13.890	29.273	4.065	0.0000	580.275	3.588
20101001T150000	14.273	30.608	4.451	0.0000	536.025	4.385
20101001T160000	14.348	31.603	5.113	0.0000	457.675	4.840
20101001T170000	14.088	32.513	4.623	0.0040	352.950	4.983
20101001T180000	13.373	34.653	5.063	0.0121	243.700	4.910
20101001T190000	12.230	37.840	6.540	0.0353	82.845	4.756
20101001T200000	11.455	38.688	7.546	0.0232	17.560	4.573
20101001T210000	11.128	39.588	8.125	0.0000	0.198	4.358
20101001T220000	10.773	42.510	8.700	0.0646	0.368	4.155
20101001T230000	10.375	46.153	11.770	0.0454	0.142	3.984
20101002T000000	9.998	45.450	13.303	0.0000	0.000	3.869
20101002T010000	10.038	38.803	9.074	0.0020	0.000	3.765
20101002T020000	9.808	37.545	4.665	0.0252	0.567	3.633
20101002T030000	9.498	40.345	4.162	0.0071	0.000	3.451
20101002T040000	9.193	44.173	4.934	0.0030	0.283	3.281
20101002T050000	9.030	44.720	4.186	0.0272	2.012	3.142
20101002T060000	10.990	33.050	5.288	0.0040	0.368	3.002
20101002T070000	9.198	42.245	4.908	0.0000	0.085	2.922
20101002T080000	8.628	45.160	5.125	0.0000	17.877	2.823
20101002T090000	9.568	37.910	4.948	0.0807	101.770	2.740
20101002T100000	10.818	35.150	4.796	0.0000	255.100	2.946
20101002T110000	11.858	34.455	4.652	0.0575	363.925	3.462
20101002T120000	12.218	34.190	6.211	0.0000	467.550	4.155
20101002T130000	13.258	34.055	6.130	0.0000	544.550	4.862
20101002T140000	14.008	31.883	6.452	0.0000	570.800	5.447
20101002T150000	14.933	28.278	4.449	0.0131	533.000	5.882
20101002T160000	14.133	30.685	7.572	0.0141	458.600	6.093
20101002T170000	13.870	31.845	6.157	0.0000	352.025	6.057
20101002T180000	12.953	32.785	6.513	0.0565	242.550	5.855
20101002T190000	11.600	37.525	6.774	0.0323	80.750	5.604
20101002T200000	10.605	43.133	7.256	0.0212	18.012	5.340
20101002T210000	10.065	49.223	7.857	0.0313	0.000	5.077
20101002T220000	9.820	50.770	7.649	0.0040	0.425	4.851
20101002T230000	9.575	48.830	6.360	0.0000	0.000	4.643
20101003T000000	9.650	45.123	9.330	0.0555	0.000	4.457
20101003T010000	9.710	41.705	9.380	0.0000	1.190	4.295
20101003T020000	9.270	45.760	9.410	0.0000	0.000	4.138
20101003T030000	9.008	44.825	7.741	0.0081	0.000	4.003
20101003T040000	8.640	45.440	1.461	0.0000	0.765	3.856
20101003T050000	8.448	46.945	1.455	0.0131	0.595	3.615
20101003T060000	8.573	43.640	0.552	0.0000	0.255	3.338
20101003T070000	8.308	44.533	1.475	0.0000	0.453	3.093
20101003T080000	7.694	50.040	1.297	0.0464	18.729	2.940
20101003T090000	4.870	72.543	1.689	0.0918	45.430	2.855
20101003T100000	5.393	69.478	2.597	0.0000	63.940	2.918
20101003T110000	8.567	57.168	3.091	0.0000	292.275	3.126
20101003T120000	11.695	48.780	2.233	0.0000	425.525	3.681
20101003T130000	12.123	48.803	2.526	0.0474	386.250	4.535
20101003T140000	12.585	51.083	3.013	0.0000	522.750	5.195
20101003T150000	12.945	49.300	4.744	0.0867	488.125	5.668
20101003T160000	11.768	51.323	6.379	0.0081	256.050	6.014
20101003T170000	11.325	54.500	4.869	0.0000	294.775	6.125
20101003T180000	9.853	60.728	5.354	0.0050	77.940	6.170
20101003T190000	9.083	66.145	6.874	0.0424	40.788	6.058
20101003T200000	8.075	74.568	7.184	0.0111	7.847	5.885
20101003T210000	7.566	78.255	5.302	0.0121	0.000	5.695
20101003T220000	7.031	83.953	6.420	0.0303	0.000	5.509
20101003T230000	6.779	84.525	5.468	0.0111	0.510	5.370
20101004T000000	6.954	79.915	4.906	0.0161	0.000	5.238
20101004T010000	6.972	78.893	3.212	0.0101	0.907	5.102
20101004T020000	6.507	82.525	3.849	0.0000	0.963	4.988
20101004T030000	6.594	81.250	4.784	0.0071	1.020	4.877
20101004T040000	6.585	80.673	5.435	0.0000	0.510	4.784
20101004T050000	6.468	76.398	5.469	0.0101	0.482	4.706
20101004T060000	5.760	74.320	4.059	0.0071	0.170	4.639
20101004T070000	5.198	80.548	5.069	0.0000	1.304	4.534
20101004T080000	4.998	81.175	5.450	0.0010	7.964	4.423
20101004T090000	5.538	75.295	3.450	0.0514	40.698	4.330
20101004T100000	5.637	75.538	3.035	0.0182	81.235	4.304
20101004T110000	5.345	79.473	4.840	0.0030	95.383	4.413
20101004T120000	6.281	75.940	4.613	0.0000	259.875	4.548
20101004T130000	7.750	65.490	3.195	0.0000	400.850	4.919
20101004T140000	7.708	59.445	7.498	0.0111	448.100	5.443
20101004T150000	8.549	54.225	6.256	0.0000	401.150	5.794
20101004T160000	8.625	54.705	5.188	0.0000	309.475	5.913
20101004T170000	8.965	52.738	5.148	0.0000	313.650	5.841
20101004T180000	7.664	55.003	7.409	0.0050	180.150	5.758
20101004T190000	6.686	59.288	6.748	0.0282	53.245	5.586
20101004T200000	5.950	61.950	4.515	0.0071	11.815	5.287
20101004T210000	5.669	64.960	4.883	0.0050	0.000	4.935
20101004T220000	5.261	68.950	1.267	0.0000	1.984	4.655
20101004T230000	4.743	75.078	1.684	0.0656	0.879	4.420
20101005T000000	2.591	90.900	3.523	1.0923	0.312	4.292
20101005T010000	2.196	94.050	0.919	0.9703	1.673	4.086
20101005T020000	2.091	95.775	1.019	0.0000	2.041	3.925
20101005T030000	1.713	100.000	1.090	0.0514	0.000	3.828
20101005T040000	0.575	100.000	1.492	0.8482	1.162	3.759
20101005T050000	0.033	100.000	0.992	0.1291	1.333	3.606
20101005T060000	0.153	100.000	2.224	0.0161	1.389	3.440
20101005T070000	-0.563	100.000	2.387	0.0504	1.191	3.290
20101005T080000	-0.564	97.800	4.306	0.0000	13.101	3.157
20101005T090000	0.813	77.985	3.694	0.0081	136.003	3.021
20101005T100000	1.581	71.080	2.841	0.1523	272.325	2.906
20101005T110000	2.390	72.323	2.320	0.0000	356.150	3.047
20101005T120000	2.872	68.168	4.171	0.0938	453.500	3.645
20101005T130000	4.536	54.420	4.241	0.0000	514.300	4.276
20101005T140000	6.157	47.043	3.691	0.0000	569.925	4.795
20101005T150000	6.932	41.040	5.676	0.0000	502.400	5.143
20101005T160000	6.993	38.378	6.342	0.0000	439.225	5.224
20101005T170000	7.275	36.805	5.303	0.0000	328.525	5.043
20101005T180000	6.518	33.745	5.204	0.0333	221.000	4.746
20101005T190000	5.399	30.873	6.848	0.0202	71.800	4.395
20101005T200000	4.845	36.958	7.220	0.0000	9.775	4.032
20101005T210000	4.895	41.003	8.470	0.0000	0.680	3.715
20101005T220000	4.941	41.735	4.878	0.0282	0.879	3.474
20101005T230000	4.584	45.155	7.745	0.0071	0.113	3.271
20101006T000000	4.607	44.608	4.945	0.0000	0.510	3.111
20101006T010000	3.966	46.808	6.367	0.0222	1.304	2.968
20101006T020000	3.995	46.255	5.747	0.0000	1.077	2.833
20101006T030000	4.100	45.423	5.176	0.0111	0.000	2.707
20101006T040000	4.865	43.225	6.344	0.0111	0.794	2.589
20101006T050000	5.077	43.158	6.345	0.0040	0.000	2.477
20101006T060000	6.612	41.425	4.959	0.0000	0.709	2.377
20101006T070000	6.728	41.188	1.613	0.0000	0.482	2.288
20101006T080000	6.437	43.398	2.449	0.0020	18.166	2.210
20101006T090000	8.469	38.985	1.862	0.1039	88.868	2.116
20101006T100000	10.223	36.893	1.752	0.0000	244.125	2.056
20101006T110000	11.640	34.725	1.824	0.0000	338.100	2.376
20101006T120000	13.490	31.688	1.454	0.0000	441.075	3.257
20101006T130000	14.000	35.958	1.082	0.0000	489.725	4.294
20101006T140000	14.613	34.545	1.449	0.0000	508.850	5.201
20101006T150000	14.695	33.973	1.875	0.0000	489.200	5.867
20101006T160000	15.158	33.575	1.021	0.0040	430.050	6.208
20101006T170000	14.530	35.975	1.074	0.0000	318.025	6.210
20101006T180000	13.990	36.368	1.578	0.0777	212.300	5.965
20101006T190000	12.695	37.505	1.553	0.0141	68.973	5.653
20101006T200000	11.853	37.313	2.212	0.0000	12.319	5.301
20101006T210000	11.505	33.828	3.267	0.0000	1.501	4.928
20101006T220000	10.513	38.945	3.244	0.0000	1.332	4.594
20101006T230000	9.728	40.833	5.751	0.0192	0.907	4.276
20101007T000000	9.658	38.280	5.380	0.0262	0.538	4.054
20101007T010000	9.485	37.963	4.572	0.0000	0.000	3.865
20101007T020000	9.843	33.405	4.331	0.0061	0.369	3.671
20101007T030000	9.393	34.755	5.053	0.0040	0.000	3.475
20101007T040000	8.985	37.265	5.066	0.0030	0.935	3.305
20101007T050000	8.500	40.300	3.918	0.0141	1.530	3.155
20101007T060000	8.283	41.290	3.652	0.0000	0.028	3.001
20101007T070000	8.583	38.223	2.178	0.0081	1.077	2.846
20101007T080000	9.155	30.068	1.518	0.0000	13.514	2.704
20101007T090000	9.358	32.450	1.049	0.0988	77.600	2.596
20101007T100000	11.015	37.260	0.541	0.0000	230.000	2.661
20101007T110000	10.843	39.458	0.844	0.0000	328.950	3.200
20101007T120000	11.050	43.993	1.053	0.0000	427.975	3.986
20101007T130000	12.088	41.680	1.610	0.0000	489.300	4.828
20101007T140000	12.218	40.265	1.613	0.0000	489.300	5.551
20101007T150000	13.008	36.133	2.355	0.0010	450.750	6.067
20101007T160000	12.158	40.205	5.106	0.0171	309.000	6.319
20101007T170000	10.958	47.490	4.715	0.0000	144.475	6.324
20101007T180000	9.660	49.285	5.082	0.0353	77.443	6.264
20101007T190000	8.895	53.103	6.822	0.0171	56.785	6.076
20101007T200000	7.249	61.435	8.941	0.0313	8.838	5.801
20101007T210000	6.330	66.610	7.504	0.0242	0.879	5.457
20101007T220000	5.796	61.855	8.220	0.0171	1.332	5.132
20101007T230000	5.507	59.305	10.083	0.0232	1.644	4.815
20101008T000000	5.179	62.883	9.003	0.0010	0.680	4.523
20101008T010000	5.105	64.283	10.160	0.0061	1.729	4.278
20101008T020000	5.192	64.463	8.778	0.0000	1.814	4.076
20101008T030000	5.338	64.633	5.944	0.0000	1.020	3.922
20101008T040000	5.207	66.910	7.598	0.0192	0.000	3.808
20101008T050000	4.985	68.725	5.252	0.0232	1.105	3.717
20101008T060000	4.887	69.713	3.595	0.0030	1.445	3.611
20101008T070000	4.741	71.130	5.847	0.0000	0.454	3.473
20101008T080000	4.744	69.415	5.660	0.0061	14.001	3.344
20101008T090000	5.259	66.425	5.570	0.0101	81.205	3.224
20101008T100000	5.598	69.985	7.171	0.0000	226.150	3.292
20101008T110000	6.415	64.973	4.544	0.0061	323.425	3.616
20101008T120000	7.427	59.598	1.451	0.0000	373.175	4.116
20101008T130000	8.044	56.990	1.225	0.0000	396.875	4.728
20101008T140000	9.223	54.290	2.126	0.0000	548.600	5.388
20101008T150000	8.728	56.415	3.420	0.0272	366.275	6.055
20101008T160000	7.579	61.350	4.543	0.0131	275.050	6.439
20101008T170000	6.764	64.458	6.256	0.0091	204.650	6.514
20101008T180000	6.441	65.050	6.451	0.0000	142.465	6.342
20101008T190000	5.495	69.760	5.393	0.0454	40.688	6.078
20101008T200000	4.905	73.520	4.908	0.0212	6.942	5.700
20101008T210000	4.672	72.818	4.852	0.0121	1.927	5.296
20101008T220000	4.512	73.780	5.644	0.0000	0.794	4.906
20101008T230000	4.374	74.118	6.711	0.0000	0.000	4.582
20101009T000000	4.244	73.988	5.333	0.0403	1.644	4.313
20101009T010000	4.196	73.483	7.507	0.0000	0.879	4.088
20101009T020000	4.267	70.158	8.078	0.0303	0.000	3.890
20101009T030000	4.103	74.625	8.751	0.0000	0.000	3.725
20101009T040000	3.772	75.335	8.302	0.0000	0.794	3.614
20101009T050000	3.255	74.883	8.526	0.0071	0.794	3.526
20101009T060000	2.938	75.943	8.983	0.0000	0.964	3.394
20101009T070000	2.805	74.123	8.490	0.0262	0.510	3.261
20101009T080000	2.645	77.793	10.375	0.0000	13.691	3.152
20101009T090000	2.899	77.178	9.295	0.0000	40.820	3.076
20101009T100000	2.773	78.483	9.021	0.0000	40.820	3.070
20101009T110000	3.734	72.155	6.290	0.0373	56.840	3.070
20101009T120000	4.221	70.675	6.013	0.0000	202.375	3.123
20101009T130000	6.016	63.628	7.194	0.0000	490.325	3.318
20101009T140000	5.891	63.098	9.758	0.1362	471.425	3.718
20101009T150000	5.629	64.820	11.245	0.0605	400.425	4.044
20101009T160000	6.029	62.713	11.100	0.0000	355.950	4.194
20101009T170000	5.418	64.373	6.916	0.0000	169.225	4.212
20101009T180000	4.994	66.615	9.268	0.0131	102.523	4.177
20101009T190000	4.454	71.700	13.588	0.0121	38.225	4.117
20101009T200000	3.967	77.878	10.418	0.0000	1.899	3.972
20101009T210000	4.339	77.390	8.469	0.0000	0.255	3.833
20101009T220000	4.468	80.210	7.616	0.0061	0.794	3.720
20101009T230000	4.329	83.300	10.163	0.0000	0.482	3.642
20101010T000000	4.464	82.525	15.048	0.0000	0.850	3.571
20101010T010000	4.426	84.325	11.318	0.0000	0.850	3.510
20101010T020000	4.683	84.150	15.335	0.0081	1.247	3.485
20101010T030000	4.743	86.300	10.880	0.0000	1.162	3.478
20101010T040000	4.935	87.175	9.349	0.0000	2.154	3.488
20101010T050000	5.296	85.275	17.210	0.0000	0.000	3.526
20101010T060000	6.309	78.223	18.230	0.0000	0.340	3.536
20101010T070000	6.388	79.828	19.508	0.0000	0.113	3.541
20101010T080000	6.004	83.875	19.090	0.0000	7.538	3.564
20101010T090000	6.252	82.500	19.380	0.0000	39.413	3.574
20101010T100000	6.381	82.375	16.883	0.0050	62.433	3.601
20101010T110000	6.782	80.185	12.363	0.0414	92.340	3.712
20101010T120000	7.365	75.903	14.928	0.0000	124.825	3.877
20101010T130000	8.021	71.940	17.100	0.0000	266.500	4.070
20101010T140000	9.140	66.813	12.085	0.0000	384.975	4.353
20101010T150000	8.595	70.100	13.270	0.0978	253.675	4.740
20101010T160000	7.738	77.635	8.377	0.0434	130.725	5.007
20101010T170000	6.842	84.025	7.954	0.7010	68.338	5.134
20101010T180000	4.500	89.125	6.715	3.0500	40.800	5.111
20101010T190000	4.437	71.450	9.423	0.1261	35.993	4.930
20101010T200000	4.632	65.403	11.460	0.0484	3.344	4.608
20101010T210000	4.011	73.478	9.223	0.0000	0.992	4.295
20101010T220000	3.570	78.320	10.979	0.0272	0.000	4.025
20101010T230000	2.398	89.600	3.044	0.2088	0.000	3.834
20101011T000000	1.106	93.875	2.125	0.5890	1.134	3.687
20101011T010000	0.329	96.675	1.463	0.0343	1.758	3.505
20101011T020000	0.048	93.925	3.323	0.0000	0.000	3.334
20101011T030000	0.060	78.858	7.283	0.0081	1.134	3.185
20101011T040000	-0.430	71.328	6.380	0.0091	0.454	3.029
20101011T050000	-0.921	69.128	4.553	0.0151	0.029	2.877
20101011T060000	-1.441	66.528	5.185	0.0000	0.539	2.731
20101011T070000	-1.930	73.095	2.103	0.0978	0.000	2.588
20101011T080000	-2.305	72.158	3.509	0.0696	5.077	2.452
20101011T090000	-2.806	68.648	6.094	0.0000	44.473	2.333
20101011T100000	-2.319	63.113	2.543	0.1231	194.900	2.212
20101011T110000	-1.780	59.330	1.740	0.0313	263.650	2.097
20101011T120000	-1.593	63.233	2.577	0.0000	311.725	2.018
20101011T130000	-1.099	56.578	3.321	0.0000	388.375	1.966
20101011T140000	0.106	46.990	2.513	0.0000	451.200	1.987
20101011T150000	0.680	42.805	3.674	0.0171	468.700	2.126
20101011T160000	0.228	41.125	6.485	0.0000	414.050	2.256
20101011T170000	0.053	38.578	4.710	0.0000	299.550	2.255
20101011T180000	-1.160	42.870	13.280	0.0726	184.000	2.198
20101011T190000	-2.221	47.148	19.743	0.0000	38.618	2.109
20101011T200000	-2.659	49.115	19.853	0.0000	3.657	1.986
20101011T210000	-2.948	52.668	21.543	0.0000	0.255	1.846
20101011T220000	-3.029	54.925	21.958	0.0000	0.000	1.699
20101011T230000	-3.225	59.003	21.760	0.0000	0.000	1.560
20101012T000000	-3.710	68.788	20.308	0.0000	0.142	1.432
20101012T010000	-4.496	85.573	13.463	0.0010	0.369	1.324
20101012T020000	-4.235	86.873	11.588	0.0565	0.085	1.237
20101012T030000	-2.948	69.098	8.121	0.0040	0.085	1.157
20101012T040000	-2.674	64.940	10.495	0.0071	0.425	1.090
20101012T050000	-2.729	65.603	12.353	0.0000	0.567	1.033
20101012T060000	-2.840	68.190	12.828	0.0000	0.000	0.974
20101012T070000	-2.785	68.428	10.420	0.0000	0.255	0.918
20101012T080000	-2.761	68.920	9.756	0.0020	6.353	0.866
20101012T090000	-2.795	69.935	7.908	0.0141	37.180	0.821
20101012T100000	-2.803	73.190	6.620	0.0393	61.808	0.778
20101012T110000	-2.517	72.925	7.832	0.0000	143.150	0.747
20101012T120000	-2.234	71.255	10.483	0.0192	187.750	0.726
20101012T130000	-2.027	72.060	9.665	0.0000	222.400	0.711
20101012T140000	-1.342	69.760	8.522	0.0232	277.200	0.698
20101012T150000	-1.092	68.935	10.505	0.0000	332.175	0.683
20101012T160000	0.159	64.135	4.915	0.0000	473.450	0.660
20101012T170000	-0.502	67.200	6.409	0.0000	282.500	0.645
20101012T180000	-0.896	67.405	10.942	0.0081	49.128	0.655
20101012T190000	-0.908	66.558	8.837	0.0000	35.188	0.653
20101012T200000	-1.087	68.208	8.292	0.0121	2.269	0.647
20101012T210000	-1.044	69.995	9.151	0.0000	0.709	0.637
20101012T220000	-0.921	69.928	12.910	0.0000	0.936	0.621
20101012T230000	-0.754	70.740	10.580	0.0050	0.794	0.597
20101013T000000	0.000	64.095	9.198	0.0000	0.000	0.570
20101013T010000	-0.010	62.393	8.841	0.0000	0.879	0.546
20101013T020000	0.056	62.818	10.950	0.0000	0.709	0.523
20101013T030000	0.076	66.935	15.133	0.0000	0.539	0.499
20101013T040000	0.279	71.325	16.993	0.0202	0.510	0.479
20101013T050000	0.460	74.708	11.105	0.0020	0.936	0.464
20101013T060000	0.694	75.673	6.385	0.0000	0.482	0.454
20101013T070000	0.128	72.330	7.601	0.0151	1.021	0.443
20101013T080000	0.211	65.298	8.515	0.0091	3.601	0.429
20101013T090000	0.083	59.565	7.556	0.0363	37.995	0.413
20101013T100000	0.251	53.953	8.192	0.0928	77.360	0.398
20101013T110000	0.844	47.185	11.893	0.0000	158.100	0.385
20101013T120000	2.261	35.400	10.563	0.0000	292.850	0.366
20101013T130000	3.436	28.818	11.660	0.0000	382.725	0.349
20101013T140000	3.947	29.183	14.318	0.0050	448.775	0.339
20101013T150000	4.803	28.310	12.933	0.0262	446.575	0.337
20101013T160000	4.855	25.768	12.710	0.0000	267.750	0.334
20101013T170000	4.881	25.468	9.472	0.0000	255.725	0.334
20101013T180000	5.032	23.608	9.041	0.0030	173.575	0.332
20101013T190000	4.727	20.798	14.430	0.0000	48.800	0.335
20101013T200000	4.922	18.005	12.908	0.0040	5.017	0.334
20101013T210000	5.255	17.518	10.948	0.0000	1.332	0.331
20101013T220000	5.493	16.880	11.333	0.0121	1.729	0.327
20101013T230000	5.479	17.175	12.293	0.0182	1.276	0.323
20101014T000000	5.207	19.763	14.725	0.0061	2.182	0.321
20101014T010000	5.004	21.440	13.163	0.0000	0.510	0.317
20101014T020000	5.125	20.273	12.390	0.0040	0.907	0.312
20101014T030000	5.214	19.908	14.153	0.0000	0.567	0.304
20101014T040000	5.241	19.368	16.740	0.0000	1.530	0.294
20101014T050000	5.121	19.250	20.188	0.0000	1.984	0.286
20101014T060000	5.185	18.253	22.080	0.0000	0.397	0.276
20101014T070000	5.115	18.320	19.958	0.0000	1.701	0.270
20101014T080000	5.183	18.083	21.498	0.0000	6.660	0.262
20101014T090000	4.752	20.748	21.895	0.0182	61.800	0.255
20101014T100000	5.224	20.175	20.925	0.0000	197.450	0.245
20101014T110000	5.882	18.858	20.265	0.1059	310.200	0.237
20101014T120000	6.148	20.020	19.858	0.0000	399.650	0.231
20101014T130000	6.759	19.433	19.358	0.0000	482.375	0.227
20101014T140000	7.343	19.580	17.153	0.0000	489.525	0.229
20101014T150000	7.602	20.083	14.458	0.0777	462.450	0.236
20101014T160000	7.936	19.488	12.755	0.0000	374.125	0.237
20101014T170000	8.105	19.748	8.234	0.0000	291.900	0.235
20101014T180000	7.453	20.758	7.596	0.0020	161.200	0.237
20101014T190000	6.054	23.353	5.318	0.0151	36.945	0.253
20101014T200000	5.374	26.948	7.207	0.0010	2.862	0.262
20101014T210000	4.732	30.963	6.240	0.0141	0.369	0.263
20101014T220000	3.999	33.668	4.937	0.0111	0.595	0.267
20101014T230000	3.681	34.463	6.450	0.0091	1.984	0.270
20101015T000000	3.242	38.163	8.011	0.0000	0.907	0.271
20101015T010000	2.603	44.705	10.407	0.0000	0.652	0.263
20101015T020000	1.991	50.015	7.313	0.0212	0.000	0.265
20101015T030000	1.928	53.115	6.542	0.0000	0.964	0.263
20101015T040000	0.711	69.965	6.488	0.0050	1.559	0.264
20101015T050000	-0.184	83.583	6.476	0.0081	1.361	0.268
20101015T060000	-1.243	97.125	11.385	0.9400	0.822	0.274
20101015T070000	-1.786	100.000	2.591	0.0222	0.567	0.275
20101015T080000	-3.185	100.000	19.701	2.1171	2.410	0.279
20101015T090000	-6.243	100.000	5.012	1.0802	26.973	0.293
20101015T100000	-6.895	100.000	2.685	2.8271	81.780	0.305
20101015T110000	-6.797	100.000	2.484	0.7938	123.375	0.305
20101015T120000	-6.034	100.000	3.207	0.6808	307.050	0.298
20101015T130000	-5.454	100.000	3.077	0.1765	316.800	0.281
20101015T140000	-6.046	100.000	8.790	0.1604	193.425	0.282
20101015T150000	-5.750	88.268	11.033	0.0646	390.475	0.288
20101015T160000	-5.161	71.603	7.079	0.0514	257.275	0.287
20101015T170000	-5.193	66.033	6.702	0.0000	152.200	0.280
20101015T180000	-5.694	68.060	11.728	0.0494	54.780	0.288
20101015T190000	-5.841	64.998	10.183	0.0323	31.808	0.293
20101015T200000	-6.194	66.168	8.606	0.0212	0.085	0.292
20101015T210000	-6.523	66.465	6.999	0.0000	0.000	0.291
20101015T220000	-6.763	65.485	8.654	0.0454	0.000	0.286
20101015T230000	-6.993	63.808	7.538	0.0000	0.000	0.281
20101016T000000	-7.061	61.830	8.164	0.0141	0.000	0.274
20101016T010000	-7.305	64.010	8.094	0.0293	0.000	0.267
20101016T020000	-7.460	62.530	4.967	0.0000	0.000	0.263
20101016T030000	-7.756	65.083	4.541	0.0050	0.029	0.258
20101016T040000	-7.876	65.675	4.417	0.0071	0.000	0.253
20101016T050000	-7.991	66.153	3.359	0.0040	0.029	0.249
20101016T060000	-7.944	63.578	3.422	0.0071	0.000	0.242
20101016T070000	-7.857	61.483	2.465	0.0424	0.000	0.231
20101016T080000	-7.973	60.585	2.956	0.0686	0.142	0.223
20101016T090000	-7.531	55.965	1.864	0.0040	41.495	0.215
20101016T100000	-6.305	53.128	1.148	0.0000	188.150	0.192
20101016T110000	-6.342	56.545	1.541	0.0091	226.450	0.171
20101016T120000	-5.554	61.968	2.392	0.0000	364.300	0.155
20101016T130000	-4.291	60.243	1.330	0.0202	429.900	0.139
20101016T140000	-4.186	60.678	2.871	0.0000	421.875	0.132
20101016T150000	-3.125	53.138	3.372	0.0182	445.325	0.132
20101016T160000	-2.533	40.855	3.899	0.0373	369.500	0.124
20101016T170000	-2.410	38.120	1.655	0.0000	266.825	0.115
20101016T180000	-2.919	35.863	2.332	0.0000	170.025	0.117
20101016T190000	-4.242	32.168	3.366	0.1079	32.448	0.129
20101016T200000	-4.781	36.303	3.811	0.0000	0.340	0.138
20101016T210000	-5.172	42.885	3.304	0.0000	0.028	0.136
20101016T220000	-5.405	46.238	3.099	0.0000	0.085	0.133
20101016T230000	-5.622	50.273	4.380	0.1079	0.113	0.128
20101017T000000	-5.481	47.953	5.828	0.0000	0.000	0.117
20101017T010000	-5.538	48.215	6.150	0.1150	0.057	0.110
20101017T020000	-5.675	46.985	7.086	0.0000	0.000	0.105
20101017T030000	-5.678	43.528	8.098	0.0000	0.000	0.101
20101017T040000	-5.786	42.685	7.603	0.0000	0.000	0.097
20101017T050000	-5.941	42.895	4.025	0.0000	0.000	0.092
20101017T060000	-5.913	41.525	4.700	0.0000	0.029	0.090
20101017T070000	-6.269	47.245	5.647	0.0000	0.000	0.085
20101017T080000	-6.403	49.510	5.342	0.0000	0.170	0.080
20101017T090000	-6.254	50.250	4.804	0.1150	48.160	0.074
20101017T100000	-5.668	51.170	4.525	0.0000	175.300	0.055
20101017T110000	-4.563	48.708	4.453	0.0000	302.750	0.032
20101017T120000	-3.693	46.173	5.195	0.0000	377.650	0.014
20101017T130000	-2.569	44.405	6.032	0.0000	443.075	0.006
20101017T140000	-1.621	42.990	6.770	0.0000	490.000	0.000
20101017T150000	-0.886	41.240	6.409	0.0000	428.725	-0.002
20101017T160000	-0.586	41.260	6.755	0.0000	362.875	-0.008
20101017T170000	-0.704	41.090	6.997	0.1150	280.050	-0.012
20101017T180000	-1.521	43.598	9.025	0.1150	149.725	-0.007
20101017T190000	-2.532	46.488	8.618	0.0000	32.895	0.003
20101017T200000	-2.875	46.448	7.290	0.0000	0.794	0.010
20101017T210000	-3.055	46.880	6.849	0.0000	0.511	0.010
20101017T220000	-3.153	47.813	7.062	0.0000	0.114	0.008
20101017T230000	-3.201	48.993	8.284	0.0000	0.114	0.004
20101018T000000	-3.529	51.473	7.121	0.0000	0.000	0.000
20101018T010000	-3.392	50.678	7.634	0.0000	0.000	-0.003
20101018T020000	-3.241	49.405	6.561	0.1200	0.312	-0.010
20101018T030000	-3.016	47.703	8.903	0.0000	0.000	-0.018
20101018T040000	-3.160	48.858	7.392	0.0000	0.454	-0.024
20101018T050000	-3.080	49.040	5.700	0.0000	0.085	-0.031
20101018T060000	-2.632	47.425	4.244	0.0000	0.114	-0.041
20101018T070000	-2.419	47.508	4.195	0.0000	0.255	-0.049
20101018T080000	-2.290	48.805	5.611	0.0000	0.482	-0.054
20101018T090000	-2.559	53.890	5.313	0.0000	38.035	-0.053
20101018T100000	-1.381	55.600	5.481	0.0000	150.525	-0.066
20101018T110000	-0.753	56.553	4.747	0.0000	243.025	-0.079
20101018T120000	-0.132	55.105	3.767	0.0000	330.725	-0.089
20101018T130000	0.185	55.560	5.101	0.0000	384.000	-0.094
20101018T140000	0.745	55.815	6.584	0.0000	342.475	-0.102
20101018T150000	0.960	56.978	8.425	0.0000	398.300	-0.101
20101018T160000	1.343	57.230	8.747	0.0000	364.275	-0.108
20101018T170000	0.988	61.445	6.859	0.1120	250.750	-0.107
20101018T180000	0.276	65.183	4.420	0.0000	104.313	-0.096
20101018T190000	-0.518	70.713	6.367	0.0000	34.358	-0.081
20101018T200000	-0.517	73.140	9.478	0.0000	0.199	-0.076
20101018T210000	0.188	70.263	7.022	0.0000	0.057	-0.079
20101018T220000	1.210	64.848	4.113	0.0000	1.560	-0.083
20101018T230000	0.729	68.070	5.247	0.0000	0.851	-0.086
20101019T000000	-0.550	75.910	10.323	0.0000	0.000	-0.084
20101019T010000	-0.964	78.415	8.834	0.1009	0.057	-0.082
20101019T020000	-1.101	79.818	9.190	0.0000	1.304	-0.084
20101019T030000	-0.674	76.660	7.112	0.0000	0.425	-0.086
20101019T040000	-0.509	75.565	7.701	0.1180	1.531	-0.090
20101019T050000	0.015	71.693	7.306	0.0000	1.163	-0.092
20101019T060000	0.305	70.795	11.623	0.0000	0.709	-0.099
20101019T070000	-0.586	79.453	6.655	0.0000	0.057	-0.100
20101019T080000	-0.545	81.425	3.855	0.0000	2.722	-0.100
20101019T090000	-0.443	80.250	6.643	0.0000	36.068	-0.101
20101019T100000	-0.606	81.800	7.270	0.0000	40.830	-0.099
20101019T110000	-0.268	80.300	7.102	0.0000	79.718	-0.100
20101019T120000	0.987	74.713	9.321	0.0000	335.750	-0.114
20101019T130000	1.508	72.968	13.200	0.0000	437.925	-0.128
20101019T140000	2.120	71.113	8.106	0.0000	405.525	-0.135
20101019T150000	2.543	69.488	7.597	0.0000	435.875	-0.134
20101019T160000	3.329	65.600	6.494	0.0000	367.800	-0.137
20101019T170000	3.054	66.178	6.250	0.0000	245.575	-0.137
20101019T180000	2.156	70.465	7.233	0.1120	88.315	-0.124
20101019T190000	1.554	72.468	4.319	0.0000	31.128	-0.104
20101019T200000	1.476	71.165	4.149	0.0000	1.503	-0.093
20101019T210000	1.820	66.643	5.154	0.0000	1.871	-0.092
20101019T220000	1.569	66.973	8.995	0.0000	0.624	-0.094
20101019T230000	0.951	71.130	12.968	0.0000	1.219	-0.092
20101020T000000	0.621	72.850	11.795	0.0000	1.361	-0.090
20101020T010000	0.614	71.658	9.370	0.0000	1.021	-0.086
20101020T020000	0.679	68.775	8.878	0.0000	0.227	-0.085
20101020T030000	0.667	67.318	8.588	0.0000	0.908	-0.084
20101020T040000	0.519	66.875	6.368	0.1079	0.340	-0.082
20101020T050000	0.666	64.658	4.895	0.0000	1.560	-0.081
20101020T060000	-0.001	72.103	5.172	0.0000	0.624	-0.079
20101020T070000	-0.335	75.060	5.369	0.1019	1.021	-0.075
20101020T080000	-0.128	73.475	5.314	0.0000	1.447	-0.077
20101020T090000	0.133	70.748	4.838	0.0000	33.465	-0.082
20101020T100000	1.101	65.653	4.506	0.0000	86.295	-0.100
20101020T110000	2.755	59.405	4.638	0.0000	299.675	-0.129
20101020T120000	4.175	51.740	4.150	0.0000	378.100	-0.154
20101020T130000	5.302	44.803	6.897	0.0000	400.825	-0.162
20101020T140000	5.616	42.063	8.296	0.0000	436.375	-0.163
20101020T150000	5.653	43.195	11.658	0.0000	412.025	-0.159
20101020T160000	5.539	44.308	10.723	0.0000	334.700	-0.159
20101020T170000	5.277	45.058	12.945	0.0000	228.075	-0.154
20101020T180000	5.100	46.275	11.865	0.1009	121.268	-0.147
20101020T190000	4.503	50.095	12.340	0.0000	29.333	-0.138
20101020T200000	4.441	50.490	13.675	0.0000	2.268	-0.134
20101020T210000	4.503	50.323	13.043	0.0000	1.162	-0.131
20101020T220000	4.319	52.675	12.048	0.0000	1.503	-0.129
20101020T230000	4.173	54.220	10.338	0.1009	0.482	-0.126
20101021T000000	4.260	53.315	8.775	0.0000	1.956	-0.124
20101021T010000	4.620	51.268	9.141	0.0000	1.049	-0.123
20101021T020000	4.705	51.448	9.478	0.0000	0.652	-0.125
20101021T030000	4.574	52.033	9.262	0.0000	1.304	-0.123
20101021T040000	3.985	54.625	8.548	0.1009	1.445	-0.120
20101021T050000	3.766	55.968	9.978	0.0000	1.106	-0.114
20101021T060000	3.941	55.170	8.021	0.0000	2.211	-0.113
20101021T070000	3.678	56.490	5.331	0.0000	1.502	-0.111
20101021T080000	3.552	56.638	4.646	0.0000	2.580	-0.105
20101021T090000	3.162	57.933	3.899	0.0000	35.295	-0.099
20101021T100000	4.000	54.710	1.874	0.1009	149.993	-0.110
20101021T110000	5.586	49.305	1.970	0.0000	289.700	-0.136
20101021T120000	6.309	46.530	2.865	0.0000	361.175	-0.147
20101021T130000	7.673	41.928	3.262	0.0000	408.350	-0.155
20101021T140000	7.890	40.143	5.530	0.0000	416.550	-0.158
20101021T150000	7.724	41.088	6.095	0.0000	407.925	-0.155
20101021T160000	7.825	40.633	5.037	0.0000	336.825	-0.156
20101021T170000	7.657	38.968	4.767	0.0000	255.600	-0.157
20101021T180000	6.991	38.053	3.490	0.0000	125.160	-0.147
20101021T190000	5.125	43.835	3.293	0.1009	29.441	-0.125
20101021T200000	4.735	46.280	4.585	0.0000	0.113	-0.114
20101021T210000	4.972	47.123	9.748	0.0000	1.049	-0.118
20101021T220000	4.878	47.898	8.273	0.0000	1.304	-0.120
20101021T230000	4.198	51.518	3.880	0.2017	0.142	-0.113
20101022T000000	3.248	56.370	3.333	0.0000	2.438	-0.101
20101022T010000	3.939	52.930	3.214	0.1009	0.879	-0.098
20101022T020000	3.360	56.845	3.626	0.0000	1.928	-0.096
20101022T030000	2.990	59.993	3.457	0.0000	0.567	-0.094
20101022T040000	2.871	59.968	3.382	0.0000	0.822	-0.093
20101022T050000	2.364	62.348	2.660	0.0000	1.163	-0.090
20101022T060000	1.475	67.015	3.197	0.1079	0.851	-0.090
20101022T070000	1.905	64.313	4.701	0.0000	0.029	-0.092
20101022T080000	2.386	60.228	5.996	0.0000	1.673	-0.106
20101022T090000	2.821	55.218	5.655	0.1150	32.175	-0.121
20101022T100000	2.796	55.940	3.923	0.0000	44.478	-0.134
20101022T110000	3.727	53.983	4.753	0.1009	168.550	-0.149
20101022T120000	5.758	49.515	4.353	0.0000	319.650	-0.184
20101022T130000	3.948	59.793	5.959	0.0000	184.325	-0.177
20101022T140000	4.518	58.935	5.322	0.0000	256.875	-0.171
20101022T150000	4.408	57.648	4.988	0.0000	194.525	-0.165
20101022T160000	4.242	57.598	5.071	0.0000	152.350	-0.162
20101022T170000	3.649	61.198	3.645	0.0000	106.710	-0.156
20101022T180000	2.736	66.243	4.903	0.1150	40.810	-0.146
20101022T190000	2.239	64.568	6.598	0.0000	23.696	-0.135
20101022T200000	1.771	64.705	7.907	0.0000	1.899	-0.125
20101022T210000	1.408	69.005	7.027	0.0000	0.255	-0.115
20101022T220000	1.167	67.418	5.185	0.1089	1.162	-0.113
20101022T230000	0.873	66.818	7.065	0.0000	1.219	-0.112
20101023T000000	0.029	74.753	8.238	0.1059	1.106	-0.105
20101023T010000	-0.232	73.080	8.207	0.0000	1.106	-0.098
20101023T020000	-0.463	71.695	2.777	0.0000	1.276	-0.093
20101023T030000	-0.729	74.353	5.012	0.1089	1.531	-0.090
20101023T040000	-0.941	76.143	4.733	0.0000	0.652	-0.096
20101023T050000	-0.943	78.365	5.464	0.0000	0.057	-0.112
20101023T060000	-1.229	80.820	3.140	0.0000	0.369	-0.129
20101023T070000	-1.498	83.075	1.207	0.0000	0.737	-0.137
20101023T080000	-1.719	84.050	1.100	0.0000	0.199	-0.156
20101023T090000	-1.494	82.185	0.779	0.2169	36.900	-0.184
20101023T100000	-1.393	82.075	1.374	0.0000	82.680	-0.208
20101023T110000	0.158	74.900	0.907	0.0000	242.825	-0.212
20101023T120000	1.004	73.375	1.742	0.0000	340.200	-0.209
20101023T130000	0.778	73.313	3.088	0.0000	316.175	-0.199
20101023T140000	0.805	66.695	5.828	0.0000	292.050	-0.189
20101023T150000	1.798	60.373	6.389	0.0000	370.925	-0.179
20101023T160000	1.627	60.448	4.335	0.0000	231.625	-0.170
20101023T170000	1.223	64.290	3.259	0.0000	166.325	-0.164
20101023T180000	0.157	70.565	3.773	0.0000	43.568	-0.146
20101023T190000	-0.314	74.603	3.141	0.0000	21.177	-0.134
20101023T200000	-0.845	83.345	0.420	0.1089	0.482	-0.125
20101023T210000	-1.365	91.825	1.135	0.0000	0.000	-0.120
20101023T220000	-1.756	97.375	1.868	0.0000	0.000	-0.118
20101023T230000	-2.065	100.000	2.506	0.1089	0.000	-0.114
20101024T000000	-2.083	100.000	3.598	0.0000	0.851	-0.111
20101024T010000	-2.002	97.950	2.571	0.1109	0.028	-0.110
20101024T020000	-1.831	90.500	3.580	0.0000	0.596	-0.109
20101024T030000	-1.989	87.850	3.971	0.0000	0.624	-0.109
20101024T040000	-1.906	81.753	4.517	0.0000	0.737	-0.112
20101024T050000	-1.963	79.530	4.755	0.0000	0.199	-0.126
20101024T060000	-2.256	81.300	2.228	0.0000	0.000	-0.142
20101024T070000	-2.473	79.670	3.443	0.0000	0.681	-0.156
20101024T080000	-2.670	78.453	3.439	0.0000	0.341	-0.174
20101024T090000	-2.303	75.705	4.890	0.0000	22.800	-0.199
20101024T100000	-2.336	78.585	2.420	0.1109	40.840	-0.219
20101024T110000	-2.284	81.875	2.206	0.0000	40.980	-0.222
20101024T120000	-1.868	82.750	1.015	0.0000	69.670	-0.210
20101024T130000	-1.894	85.325	1.703	0.0000	122.500	-0.196
20101024T140000	-1.953	90.375	1.267	0.0000	122.500	-0.183
20101024T150000	-2.119	95.250	2.130	0.0000	122.500	-0.169
20101024T160000	-1.673	86.408	2.874	0.0000	121.750	-0.160
20101024T170000	-1.811	80.780	5.884	0.1109	140.575	-0.153
20101024T180000	-1.854	78.648	4.757	0.0000	97.853	-0.146
20101024T190000	-2.321	79.210	4.568	0.0000	22.827	-0.138
20101024T200000	-2.836	79.823	5.859	0.0000	1.219	-0.126
20101024T210000	-3.032	79.303	8.477	0.0000	0.256	-0.127
20101024T220000	-3.174	78.593	8.239	0.1109	0.170	-0.150
20101024T230000	-3.290	77.675	3.165	0.0000	0.114	-0.202
20101025T000000	-3.399	78.150	3.292	0.0000	0.312	-0.240
20101025T010000	-3.605	85.200	4.632	0.0000	0.397	-0.282
20101025T020000	-3.905	91.625	5.701	0.0000	0.000	-0.303
20101025T030000	-4.030	92.825	2.746	0.1140	0.709	-0.319
20101025T040000	-4.450	98.625	2.723	0.2279	0.000	-0.321
20101025T050000	-4.793	100.000	3.425	0.3419	0.227	-0.315
20101025T060000	-4.752	100.000	3.840	0.4559	0.085	-0.308
20101025T070000	-4.795	98.325	3.816	0.2279	0.482	-0.297
20101025T080000	-4.600	90.325	5.003	0.0000	0.000	-0.287
20101025T090000	-4.493	84.975	5.072	0.0000	25.611	-0.288
20101025T100000	-4.535	86.675	5.656	0.0000	54.740	-0.292
20101025T110000	-4.272	86.050	6.191	0.0000	111.198	-0.294
20101025T120000	-4.259	86.650	8.286	0.0000	129.725	-0.287
20101025T130000	-4.269	87.100	9.683	0.0262	156.900	-0.272
20101025T140000	-4.253	86.825	9.085	0.0010	156.200	-0.254
20101025T150000	-4.235	86.275	7.438	0.0000	122.500	-0.240
20101025T160000	-4.175	83.600	5.354	0.0000	70.195	-0.229
20101025T170000	-4.249	82.425	5.023	0.0000	40.870	-0.223
20101025T180000	-4.468	83.750	5.755	0.0050	40.840	-0.222
20101025T190000	-4.727	83.375	3.979	0.0071	15.998	-0.224
20101025T200000	-5.308	86.075	2.887	0.0171	0.227	-0.229
20101025T210000	-5.362	84.400	3.045	0.0000	0.000	-0.261
20101025T220000	-5.475	80.740	2.709	0.0888	0.057	-0.293
20101025T230000	-5.403	80.200	3.801	0.2118	0.170	-0.328
20101026T000000	-5.620	87.000	3.694	0.0847	0.000	-0.357
20101026T010000	-5.806	91.375	4.099	0.0000	0.085	-0.377
20101026T020000	-5.876	93.525	4.548	0.0494	0.000	-0.392
20101026T030000	-5.947	97.600	2.145	0.0746	0.170	-0.401
20101026T040000	-5.663	93.925	2.074	0.0444	0.085	-0.394
20101026T050000	-5.904	99.475	2.999	0.0182	0.000	-0.391
20101026T060000	-5.893	100.000	2.824	0.0161	0.085	-0.395
20101026T070000	-6.002	100.000	2.362	0.0071	0.000	-0.401
20101026T080000	-5.858	100.000	2.157	0.0313	0.170	-0.409
20101026T090000	-5.878	100.000	1.595	0.0877	22.411	-0.409
20101026T100000	-5.698	100.000	1.129	0.1473	46.580	-0.406
20101026T110000	-5.266	100.000	1.091	0.0303	117.675	-0.394
20101026T120000	-4.950	100.000	0.864	0.0535	161.375	-0.371
20101026T130000	-4.134	97.175	1.056	0.0000	212.725	-0.348
20101026T140000	-3.638	95.675	0.913	0.1200	230.125	-0.322
20101026T150000	-3.981	97.075	1.699	0.0000	228.325	-0.291
20101026T160000	-3.604	93.025	2.802	0.0000	221.200	-0.269
20101026T170000	-3.842	90.225	2.955	0.0000	117.150	-0.245
20101026T180000	-4.547	96.900	1.835	0.0000	46.853	-0.225
20101026T190000	-4.969	98.700	2.158	0.0071	20.366	-0.211
20101026T200000	-4.791	90.075	3.587	0.0091	0.000	-0.203
20101026T210000	-4.661	88.575	4.464	0.0010	0.227	-0.210
20101026T220000	-4.590	88.400	5.005	0.0192	0.000	-0.225
20101026T230000	-5.010	97.125	3.733	0.0414	0.227	-0.243
20101027T000000	-5.147	97.500	4.745	0.0000	0.000	-0.255
20101027T010000	-4.496	83.600	7.598	0.0403	0.085	-0.265
20101027T020000	-4.468	81.475	7.603	0.0000	0.000	-0.277
20101027T030000	-4.648	85.275	6.887	0.0000	0.539	-0.290
20101027T040000	-4.704	85.500	7.495	0.0000	0.000	-0.301
20101027T050000	-4.713	86.850	7.204	0.0313	0.340	-0.317
20101027T060000	-4.811	86.975	6.438	0.0000	0.028	-0.329
20101027T070000	-4.836	85.150	5.948	0.0091	0.000	-0.339
20101027T080000	-4.955	86.225	6.725	0.0040	0.057	-0.355
20101027T090000	-4.789	84.450	7.450	0.1019	25.276	-0.375
20101027T100000	-4.855	86.850	9.195	0.2461	42.465	-0.391
20101027T110000	-4.437	83.750	6.810	0.0000	156.975	-0.395
20101027T120000	-4.041	77.270	6.037	0.0000	247.400	-0.382
20101027T130000	-3.663	77.093	6.934	0.0968	250.275	-0.361
20101027T140000	-3.274	74.910	7.785	0.0000	357.475	-0.330
20101027T150000	-3.270	72.908	7.975	0.2330	244.625	-0.304
20101027T160000	-3.165	73.185	7.405	0.0091	326.725	-0.289
20101027T170000	-3.738	76.465	5.907	0.0444	184.273	-0.283
20101027T180000	-4.718	81.500	8.058	0.0000	41.065	-0.261
20101027T190000	-5.039	83.225	6.335	0.0000	16.963	-0.257
20101027T200000	-5.385	82.700	6.849	0.0000	0.085	-0.283
20101027T210000	-5.329	80.043	7.699	0.0454	0.000	-0.324
20101027T220000	-5.380	77.450	8.916	0.1170	0.227	-0.369
20101027T230000	-5.367	72.403	9.018	0.0000	0.000	-0.404
20101028T000000	-5.396	76.583	7.086	0.0686	0.085	-0.435
20101028T010000	-5.569	78.135	8.889	0.0000	0.142	-0.449
20101028T020000	-5.864	78.758	9.563	0.0010	0.142	-0.459
20101028T030000	-6.126	81.775	10.030	0.0000	0.000	-0.476
20101028T040000	-6.422	84.050	9.938	0.0000	0.000	-0.495
20101028T050000	-6.619	83.925	7.851	0.0061	0.000	-0.515
20101028T060000	-6.860	84.475	5.486	0.0000	0.029	-0.540
20101028T070000	-6.944	83.475	5.125	0.0000	0.000	-0.566
20101028T080000	-6.546	76.243	2.386	0.0000	0.057	-0.593
20101028T090000	-5.808	67.908	2.492	0.0000	23.353	-0.627
20101028T100000	-5.391	67.210	3.413	0.2592	80.920	-0.652
20101028T110000	-4.733	64.105	4.039	0.0000	157.400	-0.640
20101028T120000	-4.410	62.483	2.625	0.0000	190.975	-0.593
20101028T130000	-3.978	66.913	2.540	0.0000	245.975	-0.539
20101028T140000	-3.640	71.613	3.623	0.0000	257.675	-0.484
20101028T150000	-3.381	75.825	4.882	0.0000	213.125	-0.437
20101028T160000	-3.628	80.278	6.852	0.0343	171.375	-0.395
20101028T170000	-3.755	84.575	4.988	0.0202	106.110	-0.364
20101028T180000	-3.439	83.675	5.669	0.0000	44.698	-0.348
20101028T190000	-3.448	83.400	7.087	0.0000	13.756	-0.349
20101028T200000	-3.729	86.400	5.582	0.0000	0.114	-0.365
20101028T210000	-3.918	87.075	6.345	0.0212	0.000	-0.385
20101028T220000	-3.980	88.125	5.818	0.0242	0.000	-0.415
20101028T230000	-3.983	88.850	4.039	0.0272	0.085	-0.446
20101029T000000	-4.076	90.600	3.436	0.0363	0.000	-0.471
20101029T010000	-4.048	90.875	5.174	0.0020	0.000	-0.492
20101029T020000	-3.976	88.025	7.549	0.0000	0.199	-0.501
20101029T030000	-3.990	87.825	4.262	0.0000	0.539	-0.509
20101029T040000	-3.628	81.425	3.279	0.0000	0.000	-0.520
20101029T050000	-3.802	82.275	5.203	0.0000	0.227	-0.533
20101029T060000	-3.484	77.733	4.773	0.0000	0.057	-0.552
20101029T070000	-3.744	80.585	3.673	0.0000	0.000	-0.571
20101029T080000	-3.955	81.078	3.713	0.0000	0.000	-0.582
20101029T090000	-4.468	85.400	3.595	0.0222	12.710	-0.593
20101029T100000	-4.380	82.850	4.437	0.1715	41.213	-0.615
20101029T110000	-4.167	81.548	6.897	0.0000	80.500	-0.633
20101029T120000	-3.366	73.983	7.544	0.1160	210.825	-0.635
20101029T130000	-2.816	72.793	5.371	0.0000	275.800	-0.597
20101029T140000	-3.466	73.108	7.197	0.0010	172.225	-0.538
20101029T150000	-3.590	71.258	6.548	0.0000	189.475	-0.480
20101029T160000	-2.593	60.168	5.650	0.0393	350.175	-0.455
20101029T170000	-3.478	64.180	4.751	0.0000	74.623	-0.433
20101029T180000	-4.030	70.208	5.414	0.0101	40.840	-0.436
20101029T190000	-4.398	73.245	6.053	0.0000	14.383	-0.471
20101029T200000	-4.613	75.013	8.475	0.0000	0.199	-0.532
20101029T210000	-4.945	76.128	9.118	0.0131	0.000	-0.599
20101029T220000	-5.091	74.533	8.581	0.0111	0.057	-0.659
20101029T230000	-5.259	79.280	11.811	0.1019	0.000	-0.709
20101030T000000	-5.326	79.215	14.690	0.0131	0.000	-0.754
20101030T010000	-5.379	78.603	14.190	0.0000	0.142	-0.796
20101030T020000	-5.435	78.715	15.863	0.0000	0.142	-0.837
20101030T030000	-5.348	75.163	12.068	0.0000	0.142	-0.879
20101030T040000	-5.556	77.205	10.615	0.0625	0.199	-0.912
20101030T050000	-5.666	76.773	11.293	0.0000	0.085	-0.946
20101030T060000	-5.375	70.710	9.448	0.0000	0.000	-0.982
20101030T070000	-5.491	72.195	11.093	0.0545	0.000	-1.021
20101030T080000	-5.528	71.723	10.598	0.0000	0.000	-1.059
20101030T090000	-5.933	75.100	8.974	0.0232	22.500	-1.095
20101030T100000	-3.223	48.163	9.320	0.1815	128.995	-1.109
20101030T110000	-2.494	44.878	7.520	0.0000	257.125	-1.041
20101030T120000	-1.961	40.943	7.189	0.0000	324.925	-0.926
20101030T130000	-1.892	42.935	8.058	0.0000	399.450	-0.815
20101030T140000	-2.130	47.373	10.328	0.0000	408.300	-0.729
20101030T150000	-2.415	51.065	11.533	0.2017	373.125	-0.675
20101030T160000	-2.197	45.340	12.263	0.0000	311.175	-0.666
20101030T170000	-2.139	38.233	13.158	0.0585	228.150	-0.703
20101030T180000	-2.603	37.438	11.805	0.0151	82.140	-0.768
20101030T190000	-3.570	46.135	6.912	0.0000	14.634	-0.856
20101030T200000	-3.970	57.645	5.887	0.0000	0.000	-0.962
20101030T210000	-2.910	54.420	4.747	0.0071	0.482	-1.066
20101030T220000	-2.427	52.385	3.704	0.0282	0.000	-1.143
20101030T230000	-2.713	57.490	5.690	0.0282	0.170	-1.204
20101031T000000	-2.551	59.133	8.933	0.0010	0.029	-1.249
20101031T010000	-2.525	60.308	10.673	0.0000	0.000	-1.277
20101031T020000	-2.292	73.465	11.975	0.0807	0.029	-1.294
20101031T030000	-2.557	85.400	15.083	0.0000	0.000	-1.284
20101031T040000	-2.502	86.375	13.768	0.0000	0.340	-1.260
20101031T050000	-2.473	88.725	12.343	0.0000	0.709	-1.231
20101031T060000	-2.678	90.650	11.598	0.0000	0.085	-1.190
20101031T070000	-2.766	90.825	11.855	0.0222	0.000	-1.151
20101031T080000	-2.666	89.950	8.050	0.0000	1.220	-1.133
20101031T090000	-2.638	89.575	6.608	0.0131	16.335	-1.128
20101031T100000	-2.590	90.675	6.371	0.0101	40.810	-1.113
20101031T110000	-1.986	83.925	7.417	0.0121	49.518	-1.072
20101031T120000	-1.641	80.268	6.517	0.1170	116.175	-1.013
20101031T130000	-1.724	82.425	7.758	0.0000	111.725	-0.939
20101031T140000	-0.079	73.505	7.438	0.0000	464.025	-0.878
20101031T150000	-1.487	82.138	8.890	0.1866	163.225	-0.781
20101031T160000	-1.419	79.278	7.448	0.0535	165.725	-0.679
20101031T170000	-1.738	76.380	8.617	0.0091	48.883	-0.607
20101031T180000	-1.849	75.098	8.093	0.0000	40.463	-0.559
20101031T190000	-2.162	79.028	7.415	0.0303	9.243	-0.545
20101031T200000	-2.506	82.188	8.286	0.0494	0.057	-0.579
20101031T210000	-2.296	73.883	10.555	0.0252	0.028	-0.633
20101031T220000	-2.459	72.955	12.215	0.0000	0.000	-0.705
20101031T230000	-2.775	73.815	15.338	0.0000	0.170	-0.799