datetime	t 	rh 	u 	p 	Qsi 	T_g 
20101001T010000	1.672	71.888	0.730	0.0000	0.000	4.820
20101001T020000	2.011	66.840	0.079	0.0197	0.000	4.666
20101001T030000	1.658	61.774	0.544	0.0000	0.000	4.530
20101001T040000	3.098	57.498	0.965	0.0031	0.000	4.403
20101001T050000	3.169	51.790	0.408	0.0068	0.000	4.280
20101001T060000	3.235	43.906	0.235	0.0073	0.000	4.160
20101001T070000	3.507	42.512	0.715	0.0125	0.000	4.057
20101001T080000	5.497	37.062	0.539	0.0448	11.089	3.961
20101001T090000	8.100	40.282	0.647	0.1031	112.101	3.859
20101001T100000	9.091	37.228	0.102	0.0000	274.746	3.780
20101001T110000	10.601	35.372	0.368	0.0000	406.656	3.732
20101001T120000	12.633	26.309	1.434	0.0000	518.692	3.894
20101001T130000	14.268	21.739	1.850	0.0000	650.219	4.687
20101001T140000	14.548	19.183	1.682	0.0000	672.366	5.627
20101001T150000	15.309	20.660	1.907	0.0000	620.098	6.339
20101001T160000	15.397	21.761	2.250	0.0000	527.551	6.747
20101001T170000	14.029	22.768	1.455	0.0040	403.851	6.875
20101001T180000	11.714	25.136	0.010	0.0121	274.805	6.810
20101001T190000	11.809	28.663	1.543	0.0348	84.804	6.672
20101001T200000	11.722	29.601	1.744	0.0233	7.689	6.508
20101001T210000	11.210	30.597	1.273	0.0000	0.000	6.315
20101001T220000	11.045	33.831	1.259	0.0642	0.000	6.133
20101001T230000	10.728	37.862	2.532	0.0453	0.000	5.981
20101002T000000	10.534	37.084	1.002	0.0000	0.000	5.878
20101002T010000	9.585	29.728	0.791	0.0021	0.000	5.785
20101002T020000	9.273	28.337	2.260	0.0254	0.000	5.666
20101002T030000	9.290	31.435	1.840	0.0073	0.000	5.503
20101002T040000	10.039	35.671	1.573	0.0032	0.000	5.352
20101002T050000	10.916	36.276	3.164	0.0266	0.000	5.227
20101002T060000	12.281	23.363	6.354	0.0036	0.000	5.102
20101002T070000	9.942	33.538	1.356	0.0000	0.000	5.030
20101002T080000	8.971	36.763	0.814	0.0000	8.064	4.942
20101002T090000	11.642	28.741	1.144	0.0802	107.158	4.867
20101002T100000	12.928	25.687	1.334	0.0000	288.271	5.051
20101002T110000	14.293	24.918	2.048	0.0569	416.814	5.513
20101002T120000	15.367	24.624	3.288	0.0000	539.216	6.134
20101002T130000	15.841	24.475	3.472	0.0000	630.168	6.767
20101002T140000	16.323	22.071	3.438	0.0000	661.174	7.291
20101002T150000	16.603	18.082	1.727	0.0125	616.525	7.680
20101002T160000	15.624	20.746	2.635	0.0141	528.644	7.869
20101002T170000	14.433	22.029	1.070	0.0000	402.758	7.837
20101002T180000	12.339	23.070	0.823	0.0557	273.447	7.656
20101002T190000	11.425	28.315	0.270	0.0315	82.329	7.431
20101002T200000	10.658	34.520	1.293	0.0206	8.223	7.195
20101002T210000	10.559	41.259	3.041	0.0306	0.000	6.959
20101002T220000	10.711	42.971	2.429	0.0037	0.000	6.757
20101002T230000	10.197	40.824	1.562	0.0000	0.000	6.571
20101003T000000	10.534	36.722	3.631	0.0552	0.000	6.404
20101003T010000	10.783	32.940	4.454	0.0000	0.000	6.259
20101003T020000	10.454	37.427	6.122	0.0000	0.000	6.119
20101003T030000	10.509	36.393	4.463	0.0084	0.000	5.998
20101003T040000	9.403	37.073	1.393	0.0000	0.000	5.866
20101003T050000	8.407	38.739	0.047	0.0130	0.000	5.650
20101003T060000	8.177	35.081	1.046	0.0000	0.000	5.403
20101003T070000	8.140	36.069	0.072	0.0000	0.000	5.183
20101003T080000	6.201	42.163	0.730	0.0456	9.070	5.046
20101003T090000	5.078	67.064	0.732	0.0908	40.609	4.970
20101003T100000	5.334	63.672	1.031	0.0000	62.473	5.027
20101003T110000	8.529	50.050	1.503	0.0000	332.182	5.213
20101003T120000	12.164	40.769	3.868	0.0000	489.576	5.709
20101003T130000	12.269	40.794	3.321	0.0468	443.185	6.474
20101003T140000	13.230	43.317	3.689	0.0000	604.418	7.065
20101003T150000	13.662	41.344	3.318	0.0856	563.519	7.488
20101003T160000	12.526	43.582	3.686	0.0080	289.393	7.798
20101003T170000	11.964	47.099	2.183	0.0000	335.135	7.897
20101003T180000	10.534	53.990	1.365	0.0048	79.010	7.938
20101003T190000	9.845	59.985	0.781	0.0420	35.126	7.837
20101003T200000	9.041	69.305	0.881	0.0113	0.000	7.683
20101003T210000	8.407	73.385	0.949	0.0117	0.000	7.513
20101003T220000	7.338	79.690	0.988	0.0295	0.000	7.346
20101003T230000	7.336	80.323	0.129	0.0105	0.000	7.221
20101004T000000	7.680	75.222	0.935	0.0161	0.000	7.104
20101004T010000	7.460	74.090	1.116	0.0097	0.000	6.982
20101004T020000	7.308	78.110	0.320	0.0000	0.000	6.879
20101004T030000	7.430	76.699	0.060	0.0073	0.000	6.780
20101004T040000	7.118	76.060	0.693	0.0000	0.000	6.697
20101004T050000	7.108	71.330	2.065	0.0097	0.000	6.627
20101004T060000	5.984	69.031	0.179	0.0066	0.000	6.567
20101004T070000	5.764	75.922	0.638	0.0000	0.000	6.473
20101004T080000	5.843	76.616	1.104	0.0012	0.000	6.374
20101004T090000	6.268	70.110	0.898	0.0513	35.019	6.291
20101004T100000	6.583	70.378	0.613	0.0181	82.902	6.267
20101004T110000	7.239	74.732	1.010	0.0029	99.613	6.364
20101004T120000	8.734	70.823	1.703	0.0000	293.911	6.485
20101004T130000	10.192	59.260	1.984	0.0000	460.430	6.818
20101004T140000	10.449	52.571	2.064	0.0106	516.241	7.287
20101004T150000	9.712	46.794	2.453	0.0000	460.784	7.601
20101004T160000	9.737	47.325	1.874	0.0000	352.498	7.707
20101004T170000	9.328	45.148	1.247	0.0000	357.430	7.643
20101004T180000	8.095	47.655	0.830	0.0052	199.740	7.569
20101004T190000	6.946	52.396	2.020	0.0283	49.841	7.415
20101004T200000	6.510	55.342	1.617	0.0069	0.904	7.147
20101004T210000	5.887	58.673	0.798	0.0051	0.000	6.833
20101004T220000	5.184	63.088	1.175	0.0000	0.000	6.581
20101004T230000	4.700	69.869	1.087	0.0653	0.000	6.371
20101005T000000	2.212	87.377	1.662	1.0825	0.000	6.256
20101005T010000	2.272	90.863	0.525	0.9621	0.000	6.072
20101005T020000	2.093	92.772	0.498	0.0000	0.000	5.928
20101005T030000	1.720	97.447	0.921	0.0514	0.000	5.841
20101005T040000	0.583	97.447	0.943	0.8412	0.000	5.780
20101005T050000	-0.394	97.447	0.883	0.1277	0.000	5.642
20101005T060000	-0.771	97.447	0.899	0.0158	0.000	5.494
20101005T070000	-1.304	97.447	1.102	0.0500	0.000	5.359
20101005T080000	-0.893	95.013	0.957	0.0000	2.423	5.240
20101005T090000	1.485	73.086	1.106	0.0084	147.593	5.118
20101005T100000	3.850	65.445	0.057	0.1511	308.617	5.015
20101005T110000	4.441	66.820	0.843	0.0000	407.631	5.142
20101005T120000	5.473	62.223	1.910	0.0933	522.620	5.677
20101005T130000	6.735	47.010	3.003	0.0000	594.437	6.242
20101005T140000	7.862	38.846	1.994	0.0000	660.141	6.707
20101005T150000	9.318	32.204	1.272	0.0000	580.380	7.019
20101005T160000	8.886	29.258	1.684	0.0000	505.758	7.091
20101005T170000	7.709	27.518	1.401	0.0000	375.000	6.929
20101005T180000	6.487	24.132	4.229	0.0332	247.992	6.663
20101005T190000	6.413	20.953	5.602	0.0200	71.758	6.349
20101005T200000	6.064	27.687	4.369	0.0000	0.000	6.024
20101005T210000	5.460	32.163	1.992	0.0000	0.000	5.740
20101005T220000	5.350	32.973	2.080	0.0284	0.000	5.524
20101005T230000	6.089	36.758	2.865	0.0073	0.000	5.343
20101006T000000	5.284	36.152	1.187	0.0000	0.000	5.199
20101006T010000	4.641	38.586	0.952	0.0223	0.000	5.071
20101006T020000	4.525	37.975	1.419	0.0000	0.000	4.950
20101006T030000	4.687	37.054	1.666	0.0114	0.000	4.837
20101006T040000	5.704	34.622	2.026	0.0109	0.000	4.732
20101006T050000	5.614	34.547	1.967	0.0041	0.000	4.631
20101006T060000	5.885	32.630	0.692	0.0000	0.000	4.542
20101006T070000	5.305	32.367	1.517	0.0000	0.000	4.462
20101006T080000	6.328	34.813	1.368	0.0024	8.406	4.393
20101006T090000	8.791	29.930	1.023	0.1026	91.918	4.308
20101006T100000	10.639	27.615	0.206	0.0000	275.307	4.254
20101006T110000	12.416	25.216	0.870	0.0000	386.310	4.541
20101006T120000	13.604	21.855	1.161	0.0000	507.944	5.330
20101006T130000	14.089	26.580	1.351	0.0000	565.409	6.258
20101006T140000	14.952	25.017	1.295	0.0000	587.999	7.070
20101006T150000	15.569	24.384	1.211	0.0000	564.789	7.666
20101006T160000	15.275	23.944	0.944	0.0041	494.921	7.972
20101006T170000	14.166	26.600	0.659	0.0000	362.597	7.974
20101006T180000	12.426	27.034	0.528	0.0774	237.716	7.754
20101006T190000	11.842	28.293	0.854	0.0137	68.418	7.475
20101006T200000	11.632	28.080	0.887	0.0000	1.499	7.160
20101006T210000	11.005	24.223	0.667	0.0000	0.000	6.826
20101006T220000	10.242	29.886	0.121	0.0000	0.000	6.527
20101006T230000	10.489	31.975	1.049	0.0194	0.000	6.242
20101007T000000	10.122	29.150	1.540	0.0255	0.000	6.043
20101007T010000	10.064	28.799	1.481	0.0000	0.000	5.874
20101007T020000	10.004	23.756	0.224	0.0057	0.000	5.700
20101007T030000	9.166	25.250	1.524	0.0044	0.000	5.525
20101007T040000	9.423	28.027	1.078	0.0033	0.000	5.373
20101007T050000	8.120	31.385	0.875	0.0138	0.000	5.238
20101007T060000	7.910	32.481	0.805	0.0000	0.000	5.101
20101007T070000	8.095	29.087	1.614	0.0077	0.000	4.962
20101007T080000	8.167	20.063	0.960	0.0000	2.910	4.834
20101007T090000	10.319	22.699	0.806	0.0980	78.609	4.738
20101007T100000	11.425	28.021	0.341	0.0000	258.623	4.796
20101007T110000	12.501	30.453	1.480	0.0000	375.502	5.278
20101007T120000	12.910	35.471	2.496	0.0000	492.470	5.982
20101007T130000	13.222	32.912	2.333	0.0000	564.907	6.737
20101007T140000	13.592	31.347	2.244	0.0000	564.907	7.383
20101007T150000	14.416	26.774	2.567	0.0011	519.372	7.846
20101007T160000	12.713	31.280	1.816	0.0167	351.937	8.072
20101007T170000	11.180	39.342	1.381	0.0000	157.601	8.076
20101007T180000	9.982	41.328	2.256	0.0345	78.423	8.022
20101007T190000	9.076	45.552	1.778	0.0171	54.022	7.854
20101007T200000	7.495	54.773	1.610	0.0309	0.000	7.608
20101007T210000	6.841	60.499	1.684	0.0243	0.000	7.300
20101007T220000	6.442	55.237	3.591	0.0171	0.000	7.009
20101007T230000	6.072	52.416	2.883	0.0231	0.000	6.725
20101008T000000	5.947	56.374	2.385	0.0011	0.000	6.463
20101008T010000	5.783	57.924	2.490	0.0058	0.000	6.244
20101008T020000	6.046	58.123	3.120	0.0000	0.000	6.063
20101008T030000	6.095	58.311	2.316	0.0000	0.000	5.925
20101008T040000	5.845	60.831	1.596	0.0190	0.000	5.823
20101008T050000	5.836	62.839	3.481	0.0231	0.000	5.741
20101008T060000	5.830	63.932	6.387	0.0032	0.000	5.647
20101008T070000	6.044	65.501	5.360	0.0000	0.000	5.523
20101008T080000	5.784	63.603	3.850	0.0061	3.485	5.407
20101008T090000	7.223	60.294	3.280	0.0097	82.867	5.300
20101008T100000	8.167	64.234	1.964	0.0000	254.075	5.361
20101008T110000	8.943	58.687	2.407	0.0061	368.976	5.652
20101008T120000	8.511	52.739	2.195	0.0000	427.740	6.099
20101008T130000	8.092	49.854	1.092	0.0000	455.735	6.647
20101008T140000	10.551	46.866	1.422	0.0000	634.952	7.238
20101008T150000	9.650	49.218	2.405	0.0267	419.590	7.835
20101008T160000	8.966	54.679	0.475	0.0130	311.836	8.179
20101008T170000	8.082	58.117	1.215	0.0089	228.679	8.246
20101008T180000	7.106	58.773	0.623	0.0000	155.227	8.092
20101008T190000	5.734	63.985	0.919	0.0445	35.008	7.856
20101008T200000	5.159	68.145	1.337	0.0211	0.000	7.517
20101008T210000	5.345	67.368	0.272	0.0117	0.000	7.156
20101008T220000	4.924	68.433	0.574	0.0000	0.000	6.807
20101008T230000	4.797	68.807	1.406	0.0000	0.000	6.516
20101009T000000	4.973	68.663	3.400	0.0397	0.000	6.275
20101009T010000	4.957	68.104	2.426	0.0000	0.000	6.074
20101009T020000	4.852	64.425	3.128	0.0303	0.000	5.896
20101009T030000	4.679	69.368	2.340	0.0000	0.000	5.749
20101009T040000	4.261	70.154	2.039	0.0000	0.000	5.650
20101009T050000	3.648	69.653	1.845	0.0066	0.000	5.571
20101009T060000	3.853	70.826	3.529	0.0000	0.000	5.453
20101009T070000	3.761	68.812	3.886	0.0262	0.000	5.333
20101009T080000	3.937	72.873	4.593	0.0000	3.119	5.236
20101009T090000	4.020	72.193	3.502	0.0000	35.164	5.167
20101009T100000	4.484	73.637	4.604	0.0000	35.164	5.163
20101009T110000	5.124	66.635	3.255	0.0372	54.087	5.163
20101009T120000	7.152	64.997	1.681	0.0000	225.992	5.210
20101009T130000	9.772	57.199	2.326	0.0000	566.117	5.385
20101009T140000	9.752	56.612	1.588	0.1353	543.793	5.743
20101009T150000	8.916	58.518	1.917	0.0604	459.928	6.034
20101009T160000	8.679	56.186	0.744	0.0000	407.394	6.169
20101009T170000	6.989	58.023	0.398	0.0000	186.836	6.185
20101009T180000	6.196	60.505	0.660	0.0134	108.047	6.153
20101009T190000	5.396	66.131	3.174	0.0122	32.099	6.100
20101009T200000	4.907	72.967	2.467	0.0000	0.000	5.970
20101009T210000	4.835	72.428	2.374	0.0000	0.000	5.845
20101009T220000	5.135	75.548	4.088	0.0061	0.000	5.744
20101009T230000	5.090	78.968	6.495	0.0000	0.000	5.675
20101010T000000	4.953	78.110	5.429	0.0000	0.000	5.611
20101010T010000	4.828	80.102	4.336	0.0000	0.000	5.557
20101010T020000	5.232	79.908	4.488	0.0080	0.000	5.534
20101010T030000	5.608	82.287	3.353	0.0000	0.000	5.527
20101010T040000	5.755	83.256	2.858	0.0000	0.000	5.537
20101010T050000	6.118	81.153	4.947	0.0000	0.000	5.570
20101010T060000	7.655	73.349	7.627	0.0000	0.000	5.580
20101010T070000	7.421	75.125	5.837	0.0000	0.000	5.584
20101010T080000	7.223	79.604	5.174	0.0000	0.000	5.604
20101010T090000	7.465	78.082	6.553	0.0000	33.502	5.614
20101010T100000	7.563	77.944	6.378	0.0048	60.693	5.638
20101010T110000	7.867	75.521	6.067	0.0409	96.019	5.738
20101010T120000	8.414	70.782	6.758	0.0000	134.391	5.885
20101010T130000	9.825	66.397	6.534	0.0000	301.736	6.058
20101010T140000	10.786	60.723	5.755	0.0000	441.678	6.311
20101010T150000	9.610	64.361	5.290	0.0965	286.588	6.658
20101010T160000	8.364	72.699	3.659	0.0430	141.360	6.897
20101010T170000	6.375	79.770	3.479	0.6947	67.668	7.011
20101010T180000	4.716	85.413	4.806	3.0243	35.141	6.989
20101010T190000	4.969	65.855	3.761	0.1250	29.462	6.828
20101010T200000	5.057	59.163	3.614	0.0480	0.000	6.540
20101010T210000	4.509	68.098	2.606	0.0000	0.000	6.259
20101010T220000	3.902	73.457	1.103	0.0267	0.000	6.018
20101010T230000	2.452	85.939	2.143	0.2074	0.000	5.846
20101011T000000	0.903	90.669	1.526	0.5837	0.000	5.714
20101011T010000	-0.060	93.768	0.822	0.0337	0.000	5.552
20101011T020000	0.266	90.725	0.521	0.0000	0.000	5.398
20101011T030000	0.047	74.052	2.534	0.0081	0.000	5.265
20101011T040000	-0.648	65.719	1.918	0.0086	0.000	5.126
20101011T050000	-1.001	63.285	0.817	0.0148	0.000	4.990
20101011T060000	-1.292	60.408	1.730	0.0000	0.000	4.859
20101011T070000	-2.129	67.675	0.741	0.0971	0.000	4.731
20101011T080000	-2.371	66.638	0.984	0.0690	0.000	4.609
20101011T090000	-2.244	62.754	3.388	0.0000	39.479	4.503
20101011T100000	-1.058	56.629	2.159	0.1223	217.163	4.395
20101011T110000	-0.493	52.443	1.182	0.0314	298.370	4.291
20101011T120000	-0.187	56.762	1.717	0.0000	355.156	4.220
20101011T130000	0.919	49.397	1.252	0.0000	445.695	4.174
20101011T140000	1.801	38.788	1.740	0.0000	519.903	4.192
20101011T150000	1.724	34.157	2.226	0.0169	540.574	4.317
20101011T160000	1.005	32.298	2.076	0.0000	476.022	4.433
20101011T170000	-0.425	29.479	1.086	0.0000	340.775	4.433
20101011T180000	-1.327	34.229	6.294	0.0718	204.288	4.381
20101011T190000	-1.755	38.963	7.302	0.0000	32.563	4.302
20101011T200000	-2.138	41.140	4.828	0.0000	0.000	4.192
20101011T210000	-2.354	45.071	6.481	0.0000	0.000	4.066
20101011T220000	-2.426	47.569	6.002	0.0000	0.000	3.935
20101011T230000	-2.619	52.081	5.635	0.0000	0.000	3.810
20101012T000000	-3.207	62.909	3.601	0.0000	0.000	3.696
20101012T010000	-3.910	81.482	2.757	0.0010	0.000	3.599
20101012T020000	-3.071	82.921	3.109	0.0556	0.000	3.521
20101012T030000	-2.379	63.252	2.722	0.0036	0.000	3.450
20101012T040000	-2.138	58.651	5.781	0.0065	0.000	3.390
20101012T050000	-2.139	59.384	7.299	0.0000	0.000	3.338
20101012T060000	-1.986	62.247	5.072	0.0000	0.000	3.286
20101012T070000	-1.735	62.510	3.712	0.0000	0.000	3.235
20101012T080000	-1.822	63.055	4.551	0.0020	0.000	3.189
20101012T090000	-1.707	64.178	2.570	0.0140	30.865	3.149
20101012T100000	-1.512	67.780	2.989	0.0392	59.955	3.110
20101012T110000	-0.936	67.487	1.773	0.0000	156.036	3.082
20101012T120000	-0.326	65.639	1.660	0.0190	208.717	3.064
20101012T130000	0.211	66.530	1.770	0.0000	249.646	3.050
20101012T140000	0.728	63.985	2.356	0.0233	314.375	3.039
20101012T150000	0.086	63.072	2.193	0.0000	379.311	3.026
20101012T160000	0.542	57.760	3.254	0.0000	546.185	3.005
20101012T170000	-0.381	61.152	3.955	0.0000	320.635	2.992
20101012T180000	-0.048	61.379	6.482	0.0081	44.977	3.000
20101012T190000	0.018	60.441	4.621	0.0000	28.511	2.998
20101012T200000	-0.189	62.267	5.136	0.0117	0.000	2.993
20101012T210000	0.049	64.245	5.991	0.0000	0.000	2.984
20101012T220000	0.125	64.170	5.330	0.0000	0.000	2.969
20101012T230000	0.569	65.069	4.058	0.0051	0.000	2.948
20101013T000000	1.164	57.716	4.098	0.0000	0.000	2.924
20101013T010000	1.229	55.832	7.296	0.0000	0.000	2.902
20101013T020000	1.491	56.302	7.799	0.0000	0.000	2.882
20101013T030000	1.094	60.859	8.482	0.0000	0.000	2.861
20101013T040000	1.458	65.716	8.315	0.0198	0.000	2.843
20101013T050000	1.132	69.459	2.787	0.0017	0.000	2.829
20101013T060000	0.827	70.527	1.390	0.0000	0.000	2.820
20101013T070000	0.446	66.829	0.740	0.0147	0.000	2.810
20101013T080000	0.276	59.047	1.352	0.0090	0.000	2.798
20101013T090000	0.732	52.703	1.880	0.0356	31.827	2.784
20101013T100000	1.330	46.493	3.233	0.0918	78.325	2.770
20101013T110000	2.421	39.004	5.846	0.0000	173.695	2.759
20101013T120000	3.524	25.963	6.728	0.0000	332.861	2.741
20101013T130000	4.701	18.679	6.807	0.0000	439.021	2.726
20101013T140000	5.923	19.083	3.294	0.0053	517.039	2.717
20101013T150000	7.141	18.118	2.500	0.0260	514.440	2.716
20101013T160000	6.061	15.304	1.913	0.0000	303.213	2.713
20101013T170000	5.950	14.972	1.344	0.0000	289.009	2.713
20101013T180000	5.230	12.914	0.594	0.0025	191.974	2.711
20101013T190000	5.100	9.805	2.293	0.0000	44.590	2.713
20101013T200000	5.460	6.715	3.644	0.0037	0.000	2.713
20101013T210000	6.069	6.175	4.448	0.0000	0.000	2.710
20101013T220000	6.389	5.470	4.452	0.0123	0.000	2.706
20101013T230000	6.349	5.796	3.454	0.0175	0.000	2.703
20101014T000000	6.545	8.659	3.875	0.0062	0.000	2.701
20101014T010000	6.214	10.516	3.782	0.0000	0.000	2.698
20101014T020000	5.962	9.224	3.510	0.0040	0.000	2.693
20101014T030000	6.289	8.820	3.790	0.0000	0.000	2.686
20101014T040000	6.462	8.222	6.585	0.0000	0.000	2.677
20101014T050000	6.656	8.092	10.036	0.0000	0.000	2.669
20101014T060000	6.724	6.988	10.738	0.0000	0.000	2.660
20101014T070000	6.497	7.063	10.048	0.0000	0.000	2.655
20101014T080000	6.481	6.800	9.941	0.0000	0.000	2.648
20101014T090000	6.916	9.749	8.620	0.0175	59.946	2.642
20101014T100000	7.518	9.116	8.534	0.0000	220.175	2.633
20101014T110000	8.132	7.658	7.083	0.1047	353.355	2.626
20101014T120000	8.696	8.944	6.408	0.0000	459.013	2.620
20101014T130000	9.088	8.294	5.577	0.0000	556.727	2.617
20101014T140000	9.313	8.457	5.316	0.0000	565.172	2.619
20101014T150000	9.528	9.014	3.460	0.0766	533.192	2.625
20101014T160000	9.036	8.355	3.521	0.0000	428.863	2.626
20101014T170000	7.620	8.643	5.122	0.0000	331.739	2.624
20101014T180000	7.096	9.760	4.778	0.0016	177.356	2.626
20101014T190000	6.319	12.632	3.697	0.0146	30.587	2.641
20101014T200000	5.705	16.610	3.270	0.0012	0.000	2.648
20101014T210000	5.120	21.053	3.607	0.0135	0.000	2.650
20101014T220000	4.776	24.046	4.651	0.0106	0.000	2.653
20101014T230000	4.326	24.926	3.501	0.0094	0.000	2.656
20101015T000000	3.977	29.020	5.328	0.0000	0.000	2.656
20101015T010000	3.181	36.260	5.058	0.0000	0.000	2.649
20101015T020000	2.866	42.136	4.022	0.0213	0.000	2.651
20101015T030000	2.578	45.566	3.212	0.0000	0.000	2.650
20101015T040000	1.229	64.212	3.699	0.0047	0.000	2.650
20101015T050000	0.409	79.280	1.624	0.0082	0.000	2.654
20101015T060000	-0.701	94.266	1.326	0.9322	0.000	2.659
20101015T070000	-2.135	97.447	0.211	0.0221	0.000	2.660
20101015T080000	-3.512	97.447	1.705	2.0990	0.000	2.664
20101015T090000	-5.786	97.447	2.436	1.0707	18.808	2.676
20101015T100000	-6.146	97.447	1.708	2.8026	83.546	2.687
20101015T110000	-5.898	97.447	1.327	0.7873	132.678	2.687
20101015T120000	-4.231	97.447	0.556	0.6746	349.634	2.681
20101015T130000	-3.570	97.447	1.052	0.1747	361.150	2.665
20101015T140000	-3.766	97.447	2.477	0.1591	215.421	2.667
20101015T150000	-2.924	84.464	3.357	0.0635	448.175	2.671
20101015T160000	-3.364	66.024	1.807	0.0508	290.840	2.671
20101015T170000	-4.359	59.860	2.113	0.0000	166.726	2.665
20101015T180000	-5.350	62.104	5.163	0.0493	51.654	2.671
20101015T190000	-5.639	58.715	6.849	0.0319	24.519	2.676
20101015T200000	-5.786	60.009	4.557	0.0209	0.000	2.675
20101015T210000	-6.140	60.339	1.503	0.0000	0.000	2.675
20101015T220000	-6.305	59.254	2.250	0.0447	0.000	2.670
20101015T230000	-6.608	57.398	1.412	0.0000	0.000	2.666
20101016T000000	-7.185	55.210	1.053	0.0138	0.000	2.659
20101016T010000	-7.105	57.622	1.221	0.0285	0.000	2.652
20101016T020000	-7.573	55.984	0.911	0.0000	0.000	2.649
20101016T030000	-7.911	58.809	1.387	0.0045	0.000	2.645
20101016T040000	-8.018	59.464	1.578	0.0065	0.000	2.640
20101016T050000	-7.990	59.993	0.529	0.0036	0.000	2.637
20101016T060000	-7.803	57.143	0.389	0.0070	0.000	2.630
20101016T070000	-7.781	54.825	0.222	0.0422	0.000	2.621
20101016T080000	-7.851	53.832	1.082	0.0679	0.000	2.613
20101016T090000	-6.420	48.720	0.572	0.0044	35.961	2.607
20101016T100000	-4.598	45.580	0.146	0.0000	209.190	2.586
20101016T110000	-4.277	49.362	0.286	0.0093	254.429	2.566
20101016T120000	-2.538	55.362	1.752	0.0000	417.257	2.553
20101016T130000	-2.220	53.453	1.873	0.0202	494.744	2.538
20101016T140000	-1.645	53.934	1.755	0.0000	485.265	2.532
20101016T150000	-0.395	41.690	1.040	0.0180	472.300	0.919
20101016T160000	-0.322	37.775	0.633	0.0371	412.925	0.919
20101016T170000	-1.931	38.555	0.977	0.0000	161.725	0.906
20101016T180000	-3.170	36.195	1.085	0.0000	44.763	0.881
20101016T190000	-3.929	33.638	1.202	0.1068	3.288	0.856
20101016T200000	-4.466	33.930	1.120	0.0000	0.000	0.829
20101016T210000	-4.512	34.123	0.776	0.0000	0.000	0.797
20101016T220000	-4.896	37.453	0.948	0.0000	0.000	0.762
20101016T230000	-4.853	38.198	0.568	0.1068	0.000	0.722
20101017T000000	-5.439	45.605	0.566	0.0000	0.000	0.678
20101017T010000	-5.382	44.218	1.704	0.1136	0.000	0.636
20101017T020000	-5.200	37.815	0.949	0.0000	0.000	0.596
20101017T030000	-4.835	35.168	1.467	0.0000	0.000	0.559
20101017T040000	-4.751	35.950	2.319	0.0000	0.000	0.523
20101017T050000	-4.944	37.478	2.438	0.0000	0.000	0.490
20101017T060000	-4.771	35.005	3.240	0.0000	0.000	0.460
20101017T070000	-5.093	38.828	2.819	0.0000	0.000	0.433
20101017T080000	-4.730	37.753	3.157	0.0000	0.000	0.407
20101017T090000	-3.524	33.510	3.264	0.1136	76.193	0.382
20101017T100000	-2.050	36.078	1.330	0.0000	229.300	0.359
20101017T110000	-0.549	38.218	0.618	0.0000	374.550	0.337
20101017T120000	0.776	34.783	0.705	0.0000	485.400	0.321
20101017T130000	1.949	31.113	1.399	0.0000	550.625	0.313
20101017T140000	1.988	31.720	1.385	0.0000	556.525	0.308
20101017T150000	1.151	31.895	1.366	0.0000	509.325	0.306
20101017T160000	0.725	32.313	2.143	0.0000	413.100	0.305
20101017T170000	-0.318	35.688	1.921	0.1136	86.895	0.301
20101017T180000	-0.997	38.173	2.707	0.1136	23.933	0.299
20101017T190000	-1.076	35.485	2.954	0.0000	3.402	0.295
20101017T200000	-1.977	39.925	2.510	0.0000	0.000	0.289
20101017T210000	-1.862	37.635	2.717	0.0000	0.000	0.280
20101017T220000	-2.117	40.293	3.085	0.0000	0.000	0.271
20101017T230000	-1.994	39.910	3.012	0.0000	0.000	0.261
20101018T000000	-2.357	42.030	1.331	0.0000	0.000	0.249
20101018T010000	-2.300	41.375	0.874	0.0000	0.000	0.235
20101018T020000	-2.346	41.928	1.431	0.1187	0.000	0.220
20101018T030000	-1.472	37.235	2.326	0.0000	0.000	0.204
20101018T040000	-2.140	42.140	1.258	0.0000	0.000	0.188
20101018T050000	-1.317	38.820	1.539	0.0000	0.040	0.176
20101018T060000	-2.414	48.820	1.124	0.0000	0.000	0.166
20101018T070000	-1.127	41.805	2.137	0.0000	0.130	0.159
20101018T080000	-1.601	45.705	1.529	0.0000	0.000	0.151
20101018T090000	-0.638	47.320	3.620	0.0000	58.585	0.143
20101018T100000	0.558	48.015	4.091	0.0000	195.025	0.137
20101018T110000	0.463	49.625	6.831	0.0000	318.600	0.129
20101018T120000	0.943	49.178	6.598	0.0000	391.200	0.126
20101018T130000	1.734	48.080	4.428	0.0000	478.875	0.127
20101018T140000	2.008	49.525	5.235	0.0000	418.125	0.128
20101018T150000	2.568	49.195	3.599	0.0000	500.750	0.133
20101018T160000	3.793	46.005	1.482	0.0000	396.625	0.139
20101018T170000	2.256	53.663	2.637	0.1105	165.075	0.134
20101018T180000	1.782	57.235	1.997	0.0000	71.503	0.135
20101018T190000	0.419	64.250	1.327	0.0000	7.313	0.138
20101018T200000	-0.455	70.253	1.104	0.0000	0.000	0.140
20101018T210000	1.718	61.628	3.201	0.0000	0.000	0.143
20101018T220000	2.407	58.083	3.237	0.0000	0.000	0.145
20101018T230000	1.672	62.570	3.299	0.0000	0.000	0.143
20101019T000000	0.850	66.105	2.360	0.0000	0.000	0.141
20101019T010000	0.097	69.780	1.527	0.1004	0.000	0.138
20101019T020000	-0.001	70.883	1.011	0.0000	0.000	0.137
20101019T030000	-0.578	74.270	1.118	0.0000	0.000	0.132
20101019T040000	-0.673	74.920	1.169	0.1167	0.000	0.127
20101019T050000	1.471	62.955	3.320	0.0000	0.000	0.122
20101019T060000	1.833	61.838	3.181	0.0000	0.000	0.119
20101019T070000	0.558	71.243	0.967	0.0000	0.000	0.113
20101019T080000	0.616	72.535	1.729	0.0000	1.000	0.112
20101019T090000	0.817	70.773	1.863	0.0000	13.568	0.112
20101019T100000	0.847	71.235	1.551	0.0000	59.218	0.110
20101019T110000	2.722	64.095	1.025	0.0000	281.700	0.109
20101019T120000	3.007	62.823	3.663	0.0000	485.300	0.110
20101019T130000	3.588	61.628	3.289	0.0000	616.225	0.113
20101019T140000	4.165	59.540	2.223	0.0000	433.500	0.116
20101019T150000	4.511	58.275	1.594	0.0000	280.450	0.118
20101019T160000	4.961	56.210	2.204	0.0000	290.300	0.121
20101019T170000	3.782	61.083	1.461	0.0000	80.853	0.122
20101019T180000	2.550	66.930	1.043	0.1106	36.230	0.124
20101019T190000	2.125	67.738	1.604	0.0000	2.395	0.125
20101019T200000	2.244	65.125	1.354	0.0000	0.000	0.127
20101019T210000	3.117	58.670	3.736	0.0000	0.000	0.129
20101019T220000	2.822	59.445	5.755	0.0000	0.000	0.129
20101019T230000	2.184	63.118	4.131	0.0000	0.000	0.129
20101020T000000	2.219	61.900	2.545	0.0000	0.000	0.132
20101020T010000	2.205	60.893	2.322	0.0000	0.000	0.134
20101020T020000	2.045	59.070	1.844	0.0000	0.000	0.135
20101020T030000	1.888	57.913	1.067	0.0000	0.000	0.136
20101020T040000	1.704	57.350	1.552	0.1068	0.000	0.139
20101020T050000	1.244	60.505	1.142	0.0000	0.000	0.139
20101020T060000	0.489	66.090	0.900	0.0000	0.000	0.141
20101020T070000	0.142	69.648	0.832	0.1006	0.000	0.142
20101020T080000	0.469	68.215	1.319	0.0000	0.000	0.142
20101020T090000	1.412	62.300	1.641	0.0000	22.165	0.141
20101020T100000	2.899	56.370	1.632	0.0000	142.618	0.137
20101020T110000	5.245	47.548	1.591	0.0000	355.500	0.134
20101020T120000	6.053	41.228	2.146	0.0000	455.975	0.131
20101020T130000	5.904	37.528	4.391	0.0000	515.800	0.129
20101020T140000	6.906	36.218	2.334	0.0000	520.950	0.131
20101020T150000	7.218	37.620	2.464	0.0000	484.075	0.133
20101020T160000	7.008	38.813	1.916	0.0000	336.400	0.133
20101020T170000	6.178	41.340	1.549	0.0000	112.400	0.134
20101020T180000	5.907	42.155	1.929	0.1000	51.138	0.137
20101020T190000	5.363	46.003	2.513	0.0000	2.708	0.138
20101020T200000	5.337	46.308	3.200	0.0000	0.000	0.140
20101020T210000	5.254	47.320	3.365	0.0000	0.000	0.140
20101020T220000	5.234	48.443	3.746	0.0000	0.000	0.141
20101020T230000	5.153	49.435	3.839	0.1000	0.000	0.141
20101021T000000	5.329	48.540	4.515	0.0000	0.000	0.140
20101021T010000	5.694	47.195	6.046	0.0000	0.000	0.142
20101021T020000	5.486	48.660	6.001	0.0000	0.000	0.143
20101021T030000	5.452	48.693	4.543	0.0000	0.000	0.143
20101021T040000	5.031	50.353	4.076	0.1000	0.000	0.144
20101021T050000	5.310	49.300	4.604	0.0000	0.000	0.145
20101021T060000	5.191	49.540	2.956	0.0000	0.000	0.145
20101021T070000	4.418	52.513	1.758	0.0000	0.000	0.144
20101021T080000	4.382	52.225	1.201	0.0000	0.000	0.144
20101021T090000	3.209	57.188	0.483	0.0000	17.848	0.139
20101021T100000	6.214	46.893	0.686	0.1000	197.925	0.138
20101021T110000	7.617	43.195	0.854	0.0000	339.975	0.138
20101021T120000	8.930	40.700	0.906	0.0000	447.025	0.135
20101021T130000	8.623	38.238	1.926	0.0000	512.275	0.136
20101021T140000	8.069	37.718	2.992	0.0000	524.250	0.137
20101021T150000	8.188	38.320	2.391	0.0000	473.650	0.145
20101021T160000	8.265	37.708	1.704	0.0000	372.850	0.156
20101021T170000	6.947	40.578	0.925	0.0000	41.548	0.164
20101021T180000	6.173	41.238	0.699	0.0000	16.990	0.174
20101021T190000	5.709	41.510	0.768	0.1000	1.206	0.184
20101021T200000	5.586	42.943	1.186	0.0000	0.000	0.187
20101021T210000	5.831	41.810	2.710	0.0000	0.000	0.187
20101021T220000	4.824	45.650	0.749	0.0000	0.000	0.185
20101021T230000	4.649	48.688	1.355	0.2000	0.000	0.184
20101022T000000	4.806	49.413	1.073	0.0000	0.000	0.184
20101022T010000	4.507	51.015	1.649	0.1000	0.000	0.183
20101022T020000	4.184	53.743	1.813	0.0000	0.000	0.182
20101022T030000	3.675	55.673	1.369	0.0000	0.000	0.181
20101022T040000	2.367	60.970	0.921	0.0000	0.000	0.180
20101022T050000	1.170	67.108	0.914	0.0000	0.000	0.178
20101022T060000	1.879	63.570	0.587	0.1070	0.000	0.173
20101022T070000	2.370	59.738	1.305	0.0000	0.000	0.165
20101022T080000	3.760	51.360	1.246	0.0000	0.000	0.156
20101022T090000	3.880	49.878	0.987	0.1144	15.616	0.146
20101022T100000	4.326	48.678	0.864	0.0000	49.705	0.138
20101022T110000	6.555	43.248	1.170	0.1000	299.775	0.135
20101022T120000	7.422	42.918	2.173	0.0000	371.125	0.137
20101022T130000	5.309	53.545	1.800	0.0000	249.275	0.128
20101022T140000	5.464	53.643	2.050	0.0000	257.375	0.134
20101022T150000	5.277	53.350	2.615	0.0000	204.500	0.135
20101022T160000	5.064	53.580	1.799	0.0000	140.025	0.136
20101022T170000	4.523	56.693	1.992	0.0000	65.455	0.139
20101022T180000	3.685	60.483	1.457	0.1136	16.923	0.141
20101022T190000	3.330	58.860	2.759	0.0000	0.000	0.143
20101022T200000	2.931	60.400	4.641	0.0000	0.000	0.145
20101022T210000	2.539	62.950	2.598	0.0000	0.000	0.147
20101022T220000	2.153	62.278	1.473	0.1080	0.000	0.147
20101022T230000	1.638	63.418	1.469	0.0000	0.000	0.148
20101023T000000	1.215	62.473	3.216	0.1045	0.000	0.149
20101023T010000	1.329	58.083	3.798	0.0000	0.000	0.151
20101023T020000	0.485	63.158	0.992	0.0000	0.000	0.151
20101023T030000	-0.199	66.743	1.523	0.1076	0.000	0.152
20101023T040000	0.079	64.600	1.296	0.0000	0.000	0.153
20101023T050000	0.137	68.375	2.246	0.0000	0.000	0.154
20101023T060000	-0.818	74.965	1.387	0.0000	0.000	0.152
20101023T070000	-1.052	76.393	1.185	0.0000	0.000	0.143
20101023T080000	-1.159	76.918	0.680	0.0000	0.000	0.132
20101023T090000	-0.162	73.125	0.271	0.2152	47.878	0.123
20101023T100000	0.205	72.183	0.236	0.0000	113.115	0.114
20101023T110000	2.297	64.565	0.646	0.0000	308.450	0.113
20101023T120000	3.208	64.063	1.185	0.0000	426.550	0.112
20101023T130000	2.554	63.903	0.999	0.0000	275.725	0.110
20101023T140000	2.723	57.428	0.915	0.0000	254.425	0.112
20101023T150000	3.349	52.925	0.948	0.0000	356.400	0.116
20101023T160000	3.633	51.688	0.989	0.0000	286.725	0.121
20101023T170000	1.924	60.128	0.197	0.0000	82.678	0.119
20101023T180000	1.181	64.398	0.251	0.0000	31.828	0.122
20101023T190000	0.217	73.163	0.342	0.0000	0.000	0.124
20101023T200000	-0.229	79.733	0.110	0.1076	0.000	0.128
20101023T210000	-0.983	91.550	0.229	0.0000	0.000	0.130
20101023T220000	-1.146	91.750	0.139	0.0000	0.000	0.131
20101023T230000	-1.465	94.575	0.169	0.1076	0.000	0.132
20101024T000000	-1.314	92.875	0.683	0.0000	0.000	0.134
20101024T010000	-0.958	85.425	1.291	0.1104	0.000	0.135
20101024T020000	-1.407	87.750	0.712	0.0000	0.000	0.136
20101024T030000	-1.161	78.983	1.005	0.0000	0.000	0.137
20101024T040000	-0.840	71.515	1.429	0.0000	0.000	0.137
20101024T050000	-0.858	70.390	1.748	0.0000	0.000	0.138
20101024T060000	-1.041	69.925	2.227	0.0000	0.000	0.139
20101024T070000	-1.205	67.295	2.278	0.0000	0.000	0.140
20101024T080000	-1.213	65.670	1.549	0.0000	0.000	0.138
20101024T090000	-1.556	70.563	0.616	0.0000	11.287	0.133
20101024T100000	-1.380	72.568	0.159	0.1104	45.645	0.127
20101024T110000	-0.838	72.425	0.300	0.0000	70.058	0.124
20101024T120000	-0.804	75.683	0.177	0.0000	92.283	0.122
20101024T130000	-0.858	82.123	0.454	0.0000	117.550	0.122
20101024T140000	-0.955	86.275	0.536	0.0000	109.300	0.123
20101024T150000	-0.918	89.175	0.745	0.0000	114.675	0.124
20101024T160000	-0.999	85.688	1.137	0.0000	97.800	0.124
20101024T170000	-0.651	75.448	1.421	0.1104	126.225	0.126
20101024T180000	-0.655	75.215	0.861	0.0000	56.243	0.126
20101024T190000	-1.318	73.383	1.270	0.0000	0.794	0.126
20101024T200000	-1.902	73.940	0.842	0.0000	0.000	0.126
20101024T210000	-2.063	71.720	1.287	0.0000	0.000	0.128
20101024T220000	-2.102	69.660	1.168	0.1104	0.000	0.129
20101024T230000	-2.074	67.740	1.411	0.0000	0.000	0.128
20101025T000000	-2.389	72.373	1.124	0.0000	0.000	0.119
20101025T010000	-2.540	76.505	0.817	0.0000	0.000	0.106
20101025T020000	-3.261	86.625	0.488	0.0000	0.000	0.095
20101025T030000	-3.230	86.525	1.168	0.1131	0.000	0.086
20101025T040000	-3.975	100.000	0.555	0.2261	0.000	0.079
20101025T050000	-4.211	100.000	0.713	0.3392	0.000	0.073
20101025T060000	-4.063	98.300	1.194	0.4522	0.000	0.069
20101025T070000	-4.548	100.000	1.029	0.2261	0.000	0.064
20101025T080000	-3.189	78.180	4.420	0.0000	0.000	0.060
20101025T090000	-3.566	80.475	2.132	0.0000	18.918	0.055
20101025T100000	-2.839	71.645	4.843	0.0000	110.370	0.051
20101025T110000	-2.393	69.063	3.645	0.0000	177.375	0.048
20101025T120000	-2.338	69.963	3.780	0.0000	223.225	0.046
20101025T130000	-3.212	83.173	5.697	0.0257	172.277	2.170
20101025T140000	-3.195	82.868	5.221	0.0005	171.451	2.186
20101025T150000	-3.176	82.260	3.908	0.0000	131.644	2.199
20101025T160000	-3.114	79.300	2.246	0.0000	69.862	2.209
20101025T170000	-3.190	77.999	1.982	0.0000	35.223	2.215
20101025T180000	-3.418	79.466	2.566	0.0051	35.188	2.215
20101025T190000	-3.686	79.051	1.150	0.0070	5.845	2.214
20101025T200000	-4.289	82.038	0.279	0.0168	0.000	2.209
20101025T210000	-4.344	80.185	0.405	0.0000	0.000	2.181
20101025T220000	-4.462	76.135	0.138	0.0876	0.000	2.152
20101025T230000	-4.387	75.537	1.008	0.2103	0.000	2.120
20101026T000000	-4.612	83.062	0.923	0.0836	0.000	2.094
20101026T010000	-4.805	87.903	1.245	0.0000	0.000	2.077
20101026T020000	-4.877	90.282	1.603	0.0486	0.000	2.063
20101026T030000	-4.951	94.791	2.145	0.0743	0.000	2.055
20101026T040000	-4.657	90.725	2.074	0.0436	0.000	2.062
20101026T050000	-4.906	96.866	0.368	0.0176	0.000	2.064
20101026T060000	-4.895	97.447	0.229	0.0161	0.000	2.060
20101026T070000	-5.008	97.447	2.362	0.0069	0.000	2.055
20101026T080000	-4.859	97.447	2.157	0.0310	0.000	2.048
20101026T090000	-4.879	97.447	1.595	0.0874	13.419	2.047
20101026T100000	-4.693	97.447	1.129	0.1456	41.968	2.050
20101026T110000	-4.245	97.447	1.091	0.0302	125.945	2.061
20101026T120000	-3.917	97.447	0.864	0.0526	177.563	2.081
20101026T130000	-3.071	94.321	1.056	0.0000	238.218	2.102
20101026T140000	-2.557	92.661	0.913	0.1194	258.770	2.126
20101026T150000	-2.913	94.210	1.699	0.0000	256.644	2.153
20101026T160000	-2.522	89.729	0.212	0.0000	248.228	2.173
20101026T170000	-2.769	86.631	0.333	0.0000	125.325	2.195
20101026T180000	-3.499	94.017	1.835	0.0000	42.290	2.212
20101026T190000	-3.937	96.009	2.158	0.0069	11.003	2.225
20101026T200000	-3.752	86.465	0.838	0.0089	0.000	2.232
20101026T210000	-3.618	84.805	1.537	0.0009	0.000	2.226
20101026T220000	-3.544	84.611	1.968	0.0193	0.000	2.212
20101026T230000	-3.980	94.266	0.954	0.0410	0.000	2.196
20101027T000000	-4.122	94.681	1.760	0.0000	0.000	2.186
20101027T010000	-3.447	79.300	4.035	0.0399	0.000	2.176
20101027T020000	-3.418	76.948	4.039	0.0000	0.000	2.166
20101027T030000	-3.604	81.153	3.469	0.0000	0.000	2.154
20101027T040000	-3.662	81.402	3.954	0.0000	0.000	2.145
20101027T050000	-3.671	82.896	3.721	0.0313	0.000	2.130
20101027T060000	-3.773	83.034	3.110	0.0000	0.000	2.119
20101027T070000	-3.799	81.015	2.720	0.0086	0.000	2.110
20101027T080000	-3.922	82.204	3.339	0.0035	0.000	2.096
20101027T090000	-3.750	80.240	3.917	0.1005	16.804	2.078
20101027T100000	-3.819	82.896	5.309	0.2438	37.107	2.064
20101027T110000	-3.385	79.466	3.407	0.0000	172.366	2.060
20101027T120000	-2.975	72.295	2.791	0.0000	279.176	2.072
20101027T130000	-2.583	72.099	3.506	0.0959	282.571	2.090
20101027T140000	-2.180	69.684	4.184	0.0000	409.196	2.119
20101027T150000	-2.175	67.468	4.336	0.2311	275.898	2.142
20101027T160000	-2.066	67.775	3.881	0.0086	372.874	2.155
20101027T170000	-2.661	71.404	2.687	0.0435	204.610	2.161
20101027T180000	-3.677	76.976	4.402	0.0000	35.454	2.180
20101027T190000	-4.010	78.885	3.029	0.0000	6.984	2.184
20101027T200000	-4.368	78.304	3.438	0.0000	0.000	2.161
20101027T210000	-4.311	75.363	4.116	0.0449	0.000	2.124
20101027T220000	-4.364	72.494	5.086	0.1162	0.000	2.083
20101027T230000	-4.350	66.909	5.168	0.0000	0.000	2.052
20101028T000000	-4.380	71.534	3.627	0.0676	0.000	2.024
20101028T010000	-4.560	73.252	5.065	0.0000	0.000	2.012
20101028T020000	-4.865	73.941	5.602	0.0009	0.000	2.003
20101028T030000	-5.137	77.280	5.975	0.0000	0.000	1.988
20101028T040000	-5.444	79.797	5.901	0.0000	0.000	1.971
20101028T050000	-5.648	79.659	4.237	0.0057	0.000	1.953
20101028T060000	-5.898	80.268	2.352	0.0000	0.000	1.930
20101028T070000	-5.985	79.161	2.064	0.0000	0.000	1.907
20101028T080000	-5.572	71.158	2.386	0.0000	0.000	1.883
20101028T090000	-4.807	61.935	2.492	0.0000	14.532	1.853
20101028T100000	-4.375	61.163	0.698	0.2568	82.530	1.831
20101028T110000	-3.693	57.727	1.197	0.0000	172.868	1.841
20101028T120000	-3.358	55.932	0.070	0.0000	212.527	1.883
20101028T130000	-2.910	60.834	0.003	0.0000	277.492	1.931
20101028T140000	-2.559	66.035	0.866	0.0000	291.312	1.981
20101028T150000	-2.291	70.696	1.870	0.0000	238.690	2.022
20101028T160000	-2.547	75.623	3.441	0.0343	189.375	2.060
20101028T170000	-2.678	80.378	1.954	0.0197	112.284	2.088
20101028T180000	-2.351	79.383	2.497	0.0000	39.744	2.102
20101028T190000	-2.360	79.078	3.628	0.0000	3.197	2.101
20101028T200000	-2.652	82.398	2.428	0.0000	0.000	2.087
20101028T210000	-2.848	83.145	3.036	0.0210	0.000	2.069
20101028T220000	-2.912	84.307	2.616	0.0238	0.000	2.043
20101028T230000	-2.915	85.109	1.197	0.0267	0.000	2.015
20101029T000000	-3.011	87.045	0.717	0.0363	0.000	1.992
20101029T010000	-2.982	87.350	2.103	0.0019	0.000	1.973
20101029T020000	-2.907	84.196	3.996	0.0000	0.000	1.965
20101029T030000	-2.922	83.975	1.376	0.0000	0.000	1.958
20101029T040000	-2.547	76.893	0.592	0.0000	0.000	1.948
20101029T050000	-2.727	77.833	2.126	0.0000	0.000	1.936
20101029T060000	-2.398	72.807	1.783	0.0000	0.000	1.920
20101029T070000	-2.667	75.963	0.906	0.0000	0.000	1.903
20101029T080000	-2.886	76.508	0.938	0.0000	0.000	1.893
20101029T090000	-3.418	81.291	0.844	0.0224	1.960	1.883
20101029T100000	-3.327	78.470	1.515	0.1704	35.628	1.863
20101029T110000	-3.106	77.028	3.477	0.0000	82.034	1.847
20101029T120000	-2.275	68.657	3.992	0.1147	235.973	1.845
20101029T130000	-1.705	67.340	2.260	0.0000	312.721	1.880
20101029T140000	-2.379	67.689	3.716	0.0005	190.379	1.932
20101029T150000	-2.508	65.642	3.198	0.0000	210.755	1.984
20101029T160000	-1.474	53.370	2.482	0.0386	400.573	2.007
20101029T170000	-2.391	57.810	1.765	0.0000	75.092	2.027
20101029T180000	-2.964	64.480	2.294	0.0097	35.188	2.023
20101029T190000	-3.345	67.841	2.803	0.0000	3.936	1.992
20101029T200000	-3.568	69.797	4.735	0.0000	0.000	1.938
20101029T210000	-3.912	71.031	5.247	0.0132	0.000	1.878
20101029T220000	-4.064	69.266	4.819	0.0112	0.000	1.824
20101029T230000	-4.237	74.519	7.394	0.1011	0.000	1.779
20101030T000000	-4.308	74.447	9.690	0.0131	0.000	1.739
20101030T010000	-4.362	73.770	9.291	0.0000	0.000	1.702
20101030T020000	-4.421	73.894	10.625	0.0000	0.000	1.665
20101030T030000	-4.330	69.963	7.599	0.0000	0.000	1.627
20101030T040000	-4.546	72.223	6.441	0.0615	0.000	1.597
20101030T050000	-4.660	71.744	6.981	0.0000	0.000	1.567
20101030T060000	-4.358	65.036	5.510	0.0000	0.000	1.534
20101030T070000	-4.478	66.679	6.822	0.0538	0.000	1.499
20101030T080000	-4.516	66.156	6.427	0.0000	0.000	1.465
20101030T090000	-4.937	69.894	5.133	0.0226	13.525	1.434
20101030T100000	-2.127	40.086	5.408	0.1797	139.316	1.421
20101030T110000	-1.371	36.451	3.973	0.0000	290.663	1.482
20101030T120000	-0.818	32.096	3.709	0.0000	370.748	1.585
20101030T130000	-0.747	34.301	4.402	0.0000	458.776	1.684
20101030T140000	-0.993	39.212	6.212	0.0000	469.230	1.761
20101030T150000	-1.289	43.298	7.173	0.2003	427.681	1.809
20101030T160000	-1.063	36.962	7.755	0.0000	354.506	1.818
20101030T170000	-1.003	29.098	8.468	0.0578	256.438	1.784
20101030T180000	-1.484	28.218	7.390	0.0153	83.971	1.726
20101030T190000	-2.487	37.842	3.488	0.0000	4.233	1.647
20101030T200000	-2.902	50.579	2.671	0.0000	0.000	1.552
20101030T210000	-1.802	47.010	1.762	0.0065	0.000	1.460
20101030T220000	-1.301	44.758	0.931	0.0281	0.000	1.390
20101030T230000	-1.598	50.407	2.514	0.0276	0.000	1.336
20101031T000000	-1.431	52.225	5.100	0.0005	0.000	1.295
20101031T010000	-1.404	53.525	6.487	0.0000	0.000	1.270
20101031T020000	-1.162	68.085	7.525	0.0803	0.000	1.255
20101031T030000	-1.436	81.291	10.003	0.0000	0.000	1.264
20101031T040000	-1.380	82.370	8.955	0.0000	0.000	1.285
20101031T050000	-1.349	84.971	7.818	0.0000	0.000	1.312
20101031T060000	-1.562	87.101	7.224	0.0000	0.000	1.349
20101031T070000	-1.653	87.294	7.430	0.0216	0.000	1.383
20101031T080000	-1.549	86.326	4.396	0.0000	0.000	1.400
20101031T090000	-1.520	85.911	3.246	0.0128	6.242	1.404
20101031T100000	-1.470	87.128	3.057	0.0101	35.152	1.418
20101031T110000	-0.844	79.659	3.891	0.0123	45.438	1.454
20101031T120000	-0.486	75.612	3.174	0.1156	124.173	1.507
20101031T130000	-0.573	77.999	4.163	0.0000	118.917	1.574
20101031T140000	1.132	68.129	3.908	0.0000	535.052	1.628
20101031T150000	-0.327	77.681	5.065	0.1848	179.748	1.715
20101031T160000	-0.257	74.516	3.916	0.0525	182.701	1.806
20101031T170000	-0.587	71.310	4.848	0.0089	44.688	1.870
20101031T180000	-0.702	69.891	4.430	0.0000	34.742	1.914
20101031T190000	-1.026	74.240	3.890	0.0296	0.000	1.926
20101031T200000	-1.383	77.737	4.584	0.0491	0.000	1.895
20101031T210000	-1.166	68.547	6.393	0.0245	0.000	1.847
20101031T220000	-1.334	67.520	7.717	0.0000	0.000	1.782
20101031T230000	-1.662	68.472	10.206	0.0000	0.000	1.699