datetime	t 	rh 	u 	p 	Qsi 	T_g 
20101001T010000	-0.297	92.875	0.194	0.0000	0.000	8.488
20101001T020000	-1.146	95.825	0.178	0.0069	0.000	7.845
20101001T030000	-1.793	97.450	0.326	0.0012	0.000	7.199
20101001T040000	1.830	89.398	1.496	0.0027	15.737	12.517
20101001T050000	1.704	90.405	1.719	0.0060	15.737	12.154
20101001T060000	1.468	90.977	1.972	0.0065	15.737	11.792
20101001T070000	1.254	90.705	2.073	0.0111	15.737	11.464
20101001T080000	-3.203	100.000	0.311	0.0425	6.059	4.289
20101001T090000	-3.067	99.900	0.367	0.0978	17.123	4.123
20101001T100000	0.142	95.400	0.246	0.0000	206.443	3.819
20101001T110000	8.558	65.925	1.205	0.0000	403.000	4.634
20101001T120000	13.608	42.813	2.792	0.0000	570.225	7.468
20101001T130000	16.618	36.018	3.538	0.0000	585.525	10.293
20101001T140000	19.170	31.348	4.021	0.0000	651.975	12.628
20101001T150000	21.340	26.890	3.724	0.0000	611.850	14.500
20101001T160000	22.515	24.170	3.615	0.0000	529.500	15.465
20101001T170000	22.943	23.205	3.034	0.0098	404.600	15.918
20101001T180000	21.868	25.710	2.728	0.0361	245.675	15.823
20101001T190000	15.450	48.598	1.060	0.1017	20.575	15.288
20101001T200000	11.343	63.285	0.794	0.0601	0.000	13.895
20101001T210000	8.139	74.008	0.543	0.0336	0.000	12.535
20101001T220000	6.381	78.753	0.590	0.0195	0.000	11.353
20101001T230000	5.581	81.575	0.705	0.0106	0.000	10.355
20101002T000000	5.497	81.993	0.788	0.0016	0.000	9.545
20101002T010000	5.768	80.423	0.898	0.0000	0.000	8.875
20101002T020000	5.320	81.788	0.927	0.0000	0.000	8.410
20101002T030000	4.248	85.750	0.781	0.0048	0.000	7.955
20101002T040000	3.440	88.825	0.786	0.0110	0.000	7.502
20101002T050000	3.503	88.350	0.877	0.0000	0.000	7.053
20101002T060000	3.497	87.300	0.990	0.0007	0.000	6.657
20101002T070000	1.950	91.550	0.738	0.0017	0.000	6.393
20101002T080000	1.448	93.850	0.733	0.0024	1.232	5.974
20101002T090000	1.560	93.100	0.715	0.0000	19.395	5.608
20101002T100000	5.424	85.225	1.105	0.0207	216.563	5.120
20101002T110000	13.575	54.203	1.497	0.0000	396.525	6.410
20101002T120000	17.035	42.200	1.003	0.0000	517.175	9.205
20101002T130000	20.620	31.548	0.902	0.0000	586.775	12.050
20101002T140000	23.253	21.590	2.744	0.0000	631.400	14.933
20101002T150000	23.668	19.340	2.861	0.0000	605.325	16.768
20101002T160000	23.570	19.923	3.750	0.0069	524.125	17.555
20101002T170000	23.305	20.723	2.892	0.0174	401.100	17.538
20101002T180000	22.395	21.265	2.672	0.0292	247.125	17.125
20101002T190000	16.055	41.950	1.326	0.0974	16.215	16.413
20101002T200000	11.665	58.103	0.630	0.0608	0.000	14.885
20101002T210000	10.003	62.850	0.770	0.0239	0.000	13.355
20101002T220000	8.640	67.433	0.816	0.0167	0.000	12.203
20101002T230000	6.716	75.310	0.617	0.0028	0.000	11.283
20101003T000000	5.375	79.993	0.831	0.0086	0.000	10.503
20101003T010000	5.488	79.265	0.781	0.0000	0.000	9.718
20101003T020000	3.834	84.450	0.608	0.0033	0.000	9.140
20101003T030000	2.663	87.575	0.621	0.0000	0.000	8.548
20101003T040000	1.711	90.700	0.507	0.0065	0.000	8.001
20101003T050000	1.496	91.900	0.669	0.0016	0.000	7.475
20101003T060000	1.323	92.300	0.460	0.0000	0.000	7.016
20101003T070000	2.217	90.575	0.795	0.0000	0.000	6.589
20101003T080000	1.406	91.925	0.459	0.0000	1.173	6.501
20101003T090000	1.891	93.025	0.740	0.0000	34.625	6.157
20101003T100000	5.205	84.975	1.288	0.0000	74.210	6.210
20101003T110000	8.760	72.083	0.801	0.0000	317.450	6.675
20101003T120000	13.390	53.320	1.065	0.0000	449.350	8.776
20101003T130000	14.020	52.105	1.140	0.0000	395.625	11.440
20101003T140000	16.348	47.225	1.223	0.0000	540.000	12.955
20101003T150000	20.333	35.783	2.475	0.0000	566.725	14.903
20101003T160000	20.875	33.878	3.815	0.0000	436.400	16.175
20101003T170000	20.310	36.193	3.626	0.0182	348.675	16.425
20101003T180000	18.878	39.578	2.688	0.0491	75.655	16.310
20101003T190000	17.950	42.423	2.929	0.0284	30.453	15.205
20101003T200000	17.023	46.593	1.910	0.0218	0.000	14.335
20101003T210000	15.515	53.733	1.342	0.0256	0.000	13.733
20101003T220000	14.535	59.378	0.991	0.0223	0.000	13.188
20101003T230000	13.865	63.128	0.903	0.0113	0.000	12.840
20101004T000000	13.403	64.078	0.642	0.0102	0.000	12.443
20101004T010000	12.650	69.063	0.848	0.0061	0.000	12.095
20101004T020000	12.003	72.628	0.704	0.0122	0.000	11.818
20101004T030000	11.763	74.990	0.833	0.0052	0.000	11.475
20101004T040000	11.353	77.195	0.995	0.0033	0.000	11.240
20101004T050000	11.638	76.708	1.551	0.0000	0.000	10.985
20101004T060000	11.635	79.280	1.966	0.0170	0.000	10.893
20101004T070000	10.495	83.150	0.814	0.0000	0.000	10.795
20101004T080000	10.018	83.550	0.641	0.0057	0.392	10.538
20101004T090000	10.178	82.575	0.855	0.0000	35.018	10.285
20101004T100000	11.610	77.348	0.600	0.0000	104.285	10.203
20101004T110000	12.240	73.378	1.715	0.0000	109.610	10.760
20101004T120000	13.850	65.203	2.216	0.0000	270.525	11.123
20101004T130000	15.733	53.445	2.710	0.0000	383.325	12.380
20101004T140000	17.478	39.333	3.278	0.0000	583.300	13.635
20101004T150000	17.925	33.905	3.524	0.0000	507.525	15.735
20101004T160000	18.310	31.383	3.240	0.0000	498.925	16.383
20101004T170000	18.228	31.615	2.805	0.0037	356.450	16.798
20101004T180000	17.468	32.665	1.945	0.0101	207.050	16.483
20101004T190000	13.775	48.078	1.105	0.0734	21.000	15.948
20101004T200000	9.828	63.855	0.568	0.0454	0.000	14.655
20101004T210000	7.746	72.080	0.497	0.0219	0.000	13.273
20101004T220000	9.014	75.053	1.599	0.0041	0.000	12.135
20101004T230000	10.573	72.740	1.779	0.0000	0.000	11.453
20101005T000000	9.335	78.928	1.486	2.1833	0.000	11.390
20101005T010000	7.635	91.450	0.737	1.5363	0.000	11.135
20101005T020000	7.420	94.350	0.969	0.0213	0.000	10.798
20101005T030000	7.357	90.900	2.145	0.0000	0.000	10.553
20101005T040000	5.910	88.275	2.877	0.6988	0.000	10.288
20101005T050000	5.146	89.875	2.445	0.0000	0.000	9.855
20101005T060000	4.743	89.850	2.144	0.0016	0.000	9.490
20101005T070000	4.542	87.575	2.273	0.0000	0.000	9.143
20101005T080000	3.909	88.575	1.200	0.0000	0.000	8.928
20101005T090000	2.544	94.475	0.868	0.0000	22.825	8.575
20101005T100000	3.817	92.350	0.761	0.0167	202.863	8.030
20101005T110000	6.899	80.570	1.506	0.0000	387.550	8.775
20101005T120000	8.948	71.833	1.757	0.0000	514.525	10.635
20101005T130000	11.473	57.408	1.457	0.0000	586.850	12.643
20101005T140000	14.153	37.005	1.754	0.0000	613.600	14.700
20101005T150000	15.510	29.745	2.623	0.0000	589.400	16.398
20101005T160000	16.325	25.778	2.992	0.0000	515.725	16.860
20101005T170000	16.325	26.578	3.368	0.0000	389.100	16.720
20101005T180000	14.975	28.738	3.688	0.0008	222.725	16.013
20101005T190000	12.500	29.600	3.126	0.0551	14.854	14.718
20101005T200000	10.263	37.483	1.896	0.0306	0.000	13.200
20101005T210000	10.839	36.100	3.046	0.0016	0.000	11.733
20101005T220000	9.613	44.093	1.619	0.0000	0.000	10.985
20101005T230000	6.513	60.558	0.687	0.0208	0.000	10.493
20101006T000000	5.882	63.625	0.988	0.0000	0.000	9.843
20101006T010000	5.035	67.428	1.094	0.0065	0.000	9.310
20101006T020000	3.290	75.335	0.689	0.0090	0.000	8.813
20101006T030000	1.739	81.225	0.629	0.0110	0.000	8.235
20101006T040000	1.014	84.200	0.606	0.0041	0.000	7.627
20101006T050000	0.682	85.225	0.835	0.0012	0.000	7.051
20101006T060000	0.048	87.850	0.602	0.0000	0.000	6.620
20101006T070000	-0.293	90.425	0.662	0.0029	0.000	6.177
20101006T080000	-0.499	91.575	0.861	0.0028	0.746	5.786
20101006T090000	-0.378	91.250	0.788	0.0000	23.623	5.428
20101006T100000	3.249	78.585	1.251	0.0008	198.413	4.966
20101006T110000	8.676	57.083	1.432	0.0000	377.575	6.099
20101006T120000	12.603	43.170	1.517	0.0000	497.550	8.559
20101006T130000	15.728	35.168	1.564	0.0000	569.500	11.135
20101006T140000	18.258	31.508	1.589	0.0000	594.750	13.568
20101006T150000	20.503	27.760	0.773	0.0000	563.775	15.603
20101006T160000	22.040	25.673	1.077	0.0000	485.650	16.750
20101006T170000	22.988	25.135	0.824	0.0139	364.050	17.160
20101006T180000	20.180	35.005	1.138	0.0420	182.033	17.265
20101006T190000	13.363	58.845	0.971	0.0926	10.643	16.388
20101006T200000	9.115	74.233	0.631	0.0555	0.000	14.618
20101006T210000	7.283	78.895	0.810	0.0245	0.000	13.070
20101006T220000	5.857	81.488	0.490	0.0122	0.000	11.860
20101006T230000	4.558	85.150	0.642	0.0078	0.000	10.870
20101007T000000	3.907	86.525	0.546	0.0036	0.000	9.995
20101007T010000	2.900	89.125	0.525	0.0000	0.000	9.300
20101007T020000	2.329	90.725	0.553	0.0065	0.000	8.615
20101007T030000	1.629	91.550	0.578	0.0053	0.000	8.028
20101007T040000	0.663	94.000	0.406	0.0058	0.000	7.499
20101007T050000	0.160	95.375	0.504	0.0000	0.000	6.999
20101007T060000	-0.257	96.500	0.513	0.0003	0.000	6.663
20101007T070000	-0.045	96.400	0.675	0.0000	0.000	6.178
20101007T080000	-0.985	98.100	0.821	0.0000	3.493	5.588
20101007T090000	-0.432	97.700	0.495	3.5242	17.198	5.388
20101007T100000	2.101	93.925	0.651	0.0493	181.608	5.069
20101007T110000	9.097	68.133	1.188	0.0000	357.575	5.875
20101007T120000	13.310	49.823	1.368	0.0000	483.075	8.333
20101007T130000	16.795	37.515	1.496	0.0000	552.075	11.063
20101007T140000	19.188	30.095	1.161	0.0000	576.825	13.600
20101007T150000	21.095	25.128	1.596	0.0000	563.550	15.730
20101007T160000	21.628	24.753	3.799	0.0000	476.450	16.785
20101007T170000	19.790	30.700	2.962	0.0509	166.350	16.603
20101007T180000	18.588	31.885	3.058	0.0400	82.408	15.623
20101007T190000	17.720	33.253	3.140	0.0245	34.238	14.573
20101007T200000	16.380	35.235	3.231	0.0269	0.000	13.598
20101007T210000	14.478	42.940	2.808	0.0388	0.000	12.608
20101007T220000	14.205	42.283	3.135	0.0025	0.000	11.665
20101007T230000	13.170	43.083	2.494	0.0097	0.000	11.028
20101008T000000	12.678	44.053	2.556	0.0053	0.000	10.348
20101008T010000	12.918	43.540	1.935	0.0000	0.000	9.795
20101008T020000	11.735	49.485	2.883	0.0021	0.000	9.418
20101008T030000	11.753	51.150	2.456	0.0049	0.000	9.045
20101008T040000	10.728	57.403	2.085	0.0057	0.000	8.915
20101008T050000	9.758	61.758	2.199	0.0081	0.000	8.728
20101008T060000	9.910	60.533	2.736	0.0000	0.000	8.368
20101008T070000	9.243	63.250	2.116	0.0053	0.000	8.112
20101008T080000	9.925	59.893	2.903	0.0000	0.000	7.712
20101008T090000	8.167	67.790	1.352	0.0077	19.885	7.634
20101008T100000	8.832	68.345	1.519	0.0176	160.310	7.272
20101008T110000	13.740	51.468	1.649	0.0000	312.550	7.955
20101008T120000	15.315	44.250	2.415	0.0000	390.900	9.958
20101008T130000	16.795	37.705	2.530	0.0000	519.050	11.708
20101008T140000	17.260	35.348	2.574	0.0000	496.950	13.843
20101008T150000	17.228	34.965	2.530	0.0098	396.475	14.915
20101008T160000	17.020	35.870	1.994	0.0086	281.025	15.268
20101008T170000	16.608	37.910	2.310	0.0135	215.675	15.155
20101008T180000	16.008	39.815	1.737	0.0200	130.713	14.755
20101008T190000	13.050	54.655	0.727	0.0473	19.391	14.245
20101008T200000	10.618	63.685	0.585	0.0335	0.000	13.293
20101008T210000	7.792	71.993	0.654	0.0212	0.000	12.278
20101008T220000	5.466	80.058	0.678	0.0192	0.000	11.203
20101008T230000	3.864	84.725	0.500	0.0093	0.000	10.260
20101009T000000	3.654	86.150	0.627	0.0058	0.000	9.388
20101009T010000	6.637	80.050	1.906	0.0000	0.197	8.493
20101009T020000	9.183	72.063	2.593	0.0000	0.000	8.122
20101009T030000	9.210	69.905	2.027	0.0000	0.000	8.255
20101009T040000	9.710	65.870	3.192	0.0000	0.000	7.982
20101009T050000	9.683	64.508	3.511	0.0077	0.000	7.886
20101009T060000	9.110	63.355	1.791	0.0000	0.000	7.771
20101009T070000	10.128	55.423	2.961	0.0000	0.000	7.439
20101009T080000	11.190	48.578	3.082	0.0000	2.123	7.361
20101009T090000	11.085	51.100	3.683	0.0000	21.778	7.425
20101009T100000	11.475	49.915	3.458	0.0000	26.395	7.577
20101009T110000	12.335	46.615	3.822	0.0000	73.518	7.703
20101009T120000	13.303	44.240	4.367	0.0000	234.900	8.005
20101009T130000	15.233	38.380	4.112	0.0000	577.225	9.380
20101009T140000	15.858	35.383	4.378	0.0000	551.425	12.115
20101009T150000	15.550	35.253	4.867	0.0000	486.025	13.685
20101009T160000	15.750	35.090	4.115	0.0000	414.500	14.093
20101009T170000	14.960	38.820	2.767	0.0302	191.350	14.150
20101009T180000	14.065	41.323	2.830	0.0204	109.850	13.525
20101009T190000	13.433	43.945	3.667	0.0233	23.920	12.783
20101009T200000	13.100	46.118	4.457	0.0098	0.000	11.848
20101009T210000	12.980	47.693	4.054	0.0041	0.000	11.175
20101009T220000	12.795	49.525	2.773	0.0052	0.000	10.755
20101009T230000	13.398	49.245	3.663	0.0000	0.000	10.448
20101010T000000	13.505	49.975	3.916	0.0033	0.000	10.323
20101010T010000	13.653	49.823	4.267	0.0000	0.000	10.163
20101010T020000	13.805	50.295	4.113	0.0012	0.000	10.103
20101010T030000	14.015	51.173	4.720	0.0000	0.000	10.063
20101010T040000	14.153	52.213	4.564	0.0000	0.000	10.005
20101010T050000	14.000	53.808	4.869	0.0021	0.000	10.028
20101010T060000	14.443	51.978	4.555	0.0032	0.000	9.963
20101010T070000	15.113	49.785	5.978	0.0000	0.000	9.853
20101010T080000	15.003	51.178	5.389	0.0013	0.000	9.908
20101010T090000	15.205	51.023	4.064	0.0000	8.990	9.905
20101010T100000	15.670	49.730	4.677	0.0000	39.043	9.933
20101010T110000	16.125	48.825	4.093	0.0000	93.195	10.195
20101010T120000	16.898	45.825	4.677	0.0000	125.975	10.618
20101010T130000	17.650	43.143	4.445	0.0000	257.175	11.050
20101010T140000	19.368	38.443	4.963	0.0000	609.575	12.318
20101010T150000	19.150	39.228	5.075	0.0000	540.125	14.953
20101010T160000	18.388	41.708	3.774	0.0192	258.425	16.030
20101010T170000	16.703	51.215	3.111	0.0604	133.580	15.938
20101010T180000	11.233	79.323	2.495	1.1445	40.603	15.425
20101010T190000	10.160	81.588	1.870	0.0347	26.938	14.070
20101010T200000	9.050	82.725	1.173	0.0000	0.000	13.148
20101010T210000	8.875	79.825	1.808	0.0000	0.000	12.220
20101010T220000	7.629	85.375	1.076	0.0000	0.000	11.468
20101010T230000	7.875	84.608	1.044	0.0000	0.013	10.928
20101011T000000	8.011	75.688	2.508	0.3147	0.000	10.613
20101011T010000	6.073	86.025	2.050	0.0160	0.000	10.308
20101011T020000	5.800	85.075	1.635	0.0000	0.000	9.868
20101011T030000	4.850	87.250	1.069	0.0000	0.000	9.520
20101011T040000	3.319	91.575	0.458	0.0000	0.000	9.000
20101011T050000	2.292	94.425	0.950	0.0012	0.000	8.415
20101011T060000	1.181	95.575	0.707	0.0000	0.000	7.881
20101011T070000	0.675	96.525	0.438	0.0000	0.000	7.247
20101011T080000	0.502	96.800	0.316	0.0000	0.000	6.967
20101011T090000	0.246	97.175	0.798	0.0024	29.864	6.711
20101011T100000	1.223	96.575	0.791	0.0107	134.495	6.250
20101011T110000	3.943	89.050	1.136	0.0000	244.500	6.693
20101011T120000	6.447	60.725	0.903	0.0000	358.300	7.737
20101011T130000	8.096	35.600	1.567	0.0000	513.800	9.488
20101011T140000	8.823	26.895	3.285	0.0000	535.025	11.518
20101011T150000	9.275	24.868	3.043	0.0000	515.225	12.630
20101011T160000	9.463	23.870	3.653	0.0000	478.425	13.063
20101011T170000	9.083	22.448	4.072	0.0000	328.525	12.900
20101011T180000	7.943	25.480	3.450	0.0355	138.768	12.108
20101011T190000	6.872	27.625	2.614	0.0344	12.227	10.745
20101011T200000	6.636	27.360	4.133	0.0057	0.000	9.255
20101011T210000	6.336	28.413	4.114	0.0000	0.000	8.186
20101011T220000	6.322	29.320	5.702	0.0000	0.000	7.353
20101011T230000	6.235	30.563	6.379	0.0000	0.000	6.736
20101012T000000	5.904	33.938	5.889	0.0004	0.000	6.279
20101012T010000	4.951	44.073	4.983	0.0090	0.000	5.964
20101012T020000	4.549	50.768	3.882	0.0086	0.000	5.760
20101012T030000	5.605	43.005	2.665	0.0000	0.000	5.566
20101012T040000	5.444	42.175	2.033	0.0119	0.000	5.543
20101012T050000	6.420	35.668	2.696	0.0000	0.000	5.187
20101012T060000	6.630	35.743	3.320	0.0000	0.000	4.988
20101012T070000	6.710	35.960	4.278	0.0000	0.000	4.917
20101012T080000	6.615	36.608	3.912	0.0000	0.000	4.890
20101012T090000	6.502	38.268	3.888	0.0013	16.296	4.820
20101012T100000	6.622	39.525	2.553	0.0000	66.648	4.847
20101012T110000	7.247	40.083	2.445	0.0000	167.100	5.115
20101012T120000	7.728	38.288	3.512	0.0000	211.550	5.922
20101012T130000	8.058	38.183	3.937	0.0000	262.275	6.699
20101012T140000	8.530	36.920	4.291	0.0000	391.650	7.456
20101012T150000	9.083	35.755	3.495	0.0000	412.825	9.008
20101012T160000	8.498	37.358	3.313	0.0122	182.075	9.803
20101012T170000	9.368	35.910	3.141	0.0000	311.125	9.268
20101012T180000	8.885	37.288	3.276	0.0245	98.423	9.858
20101012T190000	8.193	38.965	3.019	0.0274	17.122	9.065
20101012T200000	7.785	39.730	2.854	0.0147	0.000	8.187
20101012T210000	8.022	39.285	3.266	0.0021	0.000	7.489
20101012T220000	7.731	40.953	2.836	0.0045	0.000	7.107
20101012T230000	7.916	41.603	2.937	0.0008	0.000	6.639
20101013T000000	8.413	39.790	3.301	0.0000	0.000	6.389
20101013T010000	8.778	36.833	3.568	0.0000	0.000	6.137
20101013T020000	8.763	36.518	4.015	0.0000	0.000	5.870
20101013T030000	9.278	36.803	4.523	0.0000	0.000	5.635
20101013T040000	8.810	41.240	3.093	0.0008	0.000	5.631
20101013T050000	8.828	44.513	2.302	0.0053	0.000	5.551
20101013T060000	7.362	53.313	0.870	0.0143	0.000	5.627
20101013T070000	5.148	61.130	0.877	0.0221	0.000	5.546
20101013T080000	3.514	67.788	0.746	0.0159	0.000	5.142
20101013T090000	2.757	69.348	0.661	0.0115	23.342	4.676
20101013T100000	5.338	57.365	1.168	0.0000	82.160	4.221
20101013T110000	6.022	55.905	1.802	0.0000	140.000	4.549
20101013T120000	8.340	45.048	3.091	0.0000	255.950	5.098
20101013T130000	10.565	33.038	5.271	0.0000	411.525	6.187
20101013T140000	13.215	24.760	4.452	0.0000	545.100	7.948
20101013T150000	14.695	17.830	4.730	0.0000	545.750	10.128
20101013T160000	14.595	15.735	4.722	0.0105	300.150	11.375
20101013T170000	14.595	15.285	4.182	0.0058	271.925	11.003
20101013T180000	14.360	15.280	4.031	0.0023	184.850	10.935
20101013T190000	11.117	22.847	1.239	0.0000	14.989	10.300
20101013T200000	6.006	37.948	1.026	0.0035	0.000	9.328
20101013T210000	3.967	42.590	1.114	0.0286	0.000	8.001
20101013T220000	3.363	44.730	0.855	0.0127	0.000	6.941
20101013T230000	0.602	57.728	0.907	0.0213	0.000	6.249
20101014T000000	-0.628	66.653	0.739	0.0000	0.000	5.480
20101014T010000	-0.316	66.580	1.070	0.0062	0.000	4.759
20101014T020000	1.109	59.555	1.097	0.0000	0.000	4.173
20101014T030000	1.002	60.740	1.015	0.0000	0.000	3.833
20101014T040000	1.147	59.568	1.217	0.0000	0.000	3.504
20101014T050000	3.686	48.943	1.772	0.0000	0.835	3.018
20101014T060000	11.783	19.355	3.389	0.0000	0.000	2.314
20101014T070000	12.240	17.103	3.165	0.0000	0.000	3.050
20101014T080000	11.803	16.825	2.980	0.0044	0.000	3.334
20101014T090000	12.930	15.058	4.405	0.0000	13.743	3.231
20101014T100000	13.813	14.620	5.089	0.0131	128.285	3.431
20101014T110000	15.448	13.358	5.535	0.0000	340.900	4.555
20101014T120000	16.240	13.008	5.791	0.0000	468.250	6.669
20101014T130000	17.128	12.598	5.067	0.0000	541.250	8.742
20101014T140000	17.633	12.413	5.181	0.0000	565.000	10.765
20101014T150000	17.745	12.480	5.044	0.0008	536.550	12.280
20101014T160000	17.825	12.303	5.281	0.0012	450.750	12.933
20101014T170000	17.513	12.393	4.914	0.0111	321.775	13.045
20101014T180000	16.588	12.775	4.113	0.0396	121.065	12.600
20101014T190000	14.728	14.718	2.849	0.0482	9.772	11.508
20101014T200000	13.145	18.190	2.550	0.0315	0.000	10.205
20101014T210000	13.025	19.185	2.986	0.0090	0.000	9.068
20101014T220000	13.070	19.935	2.958	0.0000	0.000	8.293
20101014T230000	11.723	22.975	2.483	0.0077	0.000	7.857
20101015T000000	10.990	24.948	2.847	0.0041	0.000	7.261
20101015T010000	12.013	25.325	4.608	0.0000	0.000	6.766
20101015T020000	11.203	28.383	3.299	0.0000	0.000	6.761
20101015T030000	11.303	28.960	3.138	0.0000	0.000	6.574
20101015T040000	10.608	35.773	3.399	0.0000	0.000	6.684
20101015T050000	8.459	55.298	3.432	0.0139	0.000	6.854
20101015T060000	5.470	80.718	1.849	1.4513	0.000	6.874
20101015T070000	3.644	77.255	2.515	0.0000	0.000	6.476
20101015T080000	1.880	84.145	3.837	0.5513	0.000	6.109
20101015T090000	-0.387	97.475	4.238	0.7277	1.363	5.574
20101015T100000	-0.864	98.800	2.297	0.0000	26.695	5.132
20101015T110000	-0.579	98.650	2.261	4.0214	95.673	4.923
20101015T120000	-0.013	97.875	0.963	1.6370	282.125	4.666
20101015T130000	0.470	97.750	1.253	0.0301	244.925	4.499
20101015T140000	0.422	97.800	1.558	0.1735	174.588	4.426
20101015T150000	2.122	95.850	1.077	0.0214	521.575	3.480
20101015T160000	3.003	84.143	2.229	0.0000	355.750	4.406
20101015T170000	3.270	71.225	1.521	0.0169	279.100	4.664
20101015T180000	2.372	67.613	2.223	0.0301	60.258	5.366
20101015T190000	0.234	78.363	2.026	0.0440	8.819	4.952
20101015T200000	0.078	71.358	1.971	0.0140	0.000	4.098
20101015T210000	-1.199	80.640	1.337	0.0112	0.000	3.554
20101015T220000	-2.414	89.400	0.976	0.0111	0.000	3.065
20101015T230000	-3.480	94.125	0.672	0.0078	0.000	2.709
20101016T000000	-3.770	95.375	0.856	0.0000	0.000	2.472
20101016T010000	-4.725	99.150	0.538	0.0016	0.000	2.362
20101016T020000	-3.989	95.685	1.753	0.0000	15.737	8.358
20101016T030000	-4.368	95.821	1.626	0.0040	15.737	8.171
20101016T040000	-4.402	95.576	1.594	0.0058	15.737	7.979
20101016T050000	-4.609	95.630	1.606	0.0032	15.737	7.797
20101016T060000	-4.701	95.957	1.690	0.0062	15.737	7.595
20101016T070000	-4.456	96.447	1.504	0.0375	15.737	7.408
20101016T080000	-4.233	95.630	1.478	0.0603	15.737	7.242
20101016T090000	-7.111	100.000	0.314	0.0039	22.222	1.012
20101016T100000	-4.795	95.475	0.305	0.0000	164.335	0.564
20101016T110000	-1.801	82.125	0.246	0.0000	193.400	0.544
20101016T120000	0.518	69.148	0.193	0.0296	406.475	0.429
20101016T130000	3.131	48.570	0.670	0.0000	504.800	0.504
20101016T140000	3.491	44.708	1.410	0.0008	498.000	3.519
20101016T150000	4.736	38.975	1.692	0.0000	525.900	5.802
20101016T160000	5.530	37.495	1.889	0.0000	443.450	7.095
20101016T170000	5.878	38.318	1.844	0.0000	316.400	7.476
20101016T180000	4.410	46.218	1.980	0.0317	139.230	7.419
20101016T190000	1.639	64.810	2.343	0.0478	9.623	6.463
20101016T200000	-0.309	75.045	0.949	0.0325	0.000	5.093
20101016T210000	-2.850	89.975	0.368	0.0268	0.000	4.073
20101016T220000	-3.807	93.950	0.284	0.0190	0.000	3.265
20101016T230000	-4.606	96.500	0.392	0.0074	0.000	2.780
20101017T000000	-5.300	98.325	0.408	0.0066	0.000	2.459
20101017T010000	-3.398	88.963	1.919	0.0020	15.737	6.657
20101017T020000	-3.724	86.568	1.979	0.0012	15.737	6.513
20101017T030000	-3.623	83.793	1.900	0.0065	15.737	6.355
20101017T040000	-3.607	81.071	2.040	0.0106	15.737	6.210
20101017T050000	-3.911	80.799	1.767	0.0027	15.737	6.074
20101017T060000	-4.166	81.888	1.831	0.0000	15.737	5.944
20101017T070000	-4.237	79.738	2.033	0.0027	15.737	5.829
20101017T080000	-4.290	80.282	2.003	0.0000	15.737	5.698
20101017T090000	-8.537	99.225	0.824	0.0395	10.924	0.768
20101017T100000	-6.566	93.700	0.880	0.0000	134.633	0.472
20101017T110000	-0.840	64.348	1.117	0.0000	419.625	-0.068
20101017T120000	3.376	38.618	0.698	0.0000	446.050	-0.240
20101017T130000	6.292	28.790	0.793	0.0000	513.175	0.808
20101017T140000	8.159	23.823	2.068	0.0000	543.325	4.048
20101017T150000	8.740	22.855	3.147	0.0000	519.000	6.492
20101017T160000	8.970	22.853	3.556	0.0000	437.525	7.362
20101017T170000	9.028	23.355	2.749	0.0037	310.625	7.566
20101017T180000	6.546	30.788	2.521	0.0470	98.908	7.509
20101017T190000	2.310	48.600	1.578	0.0733	7.390	6.456
20101017T200000	-1.307	70.848	0.634	0.0490	0.000	5.175
20101017T210000	-2.267	74.338	0.804	0.0194	0.000	3.955
20101017T220000	-2.499	72.715	1.153	0.0062	0.000	3.033
20101017T230000	-2.468	72.318	1.115	0.0013	0.000	2.422
20101018T000000	-2.786	74.013	1.060	0.0037	0.000	2.094
20101018T010000	-3.925	78.763	0.815	0.0049	0.000	1.913
20101018T020000	-4.596	84.100	0.640	0.0062	0.000	1.691
20101018T030000	-4.642	85.175	0.539	0.0000	0.000	1.451
20101018T040000	-4.596	85.075	0.548	0.0000	0.000	1.308
20101018T050000	-4.200	85.250	0.678	0.0000	0.150	1.111
20101018T060000	-2.829	82.475	0.696	0.0000	0.376	0.928
20101018T070000	-2.007	79.898	0.722	0.0000	0.000	0.963
20101018T080000	-1.709	80.373	0.621	0.0000	0.000	1.048
20101018T090000	-1.839	75.920	0.657	0.0174	19.344	1.126
20101018T100000	-0.032	70.985	0.930	0.0115	142.280	0.700
20101018T110000	6.044	42.023	1.999	0.0000	252.125	0.279
20101018T120000	9.120	31.460	3.253	0.0000	384.650	1.011
20101018T130000	9.455	31.348	4.430	0.0017	444.550	3.343
20101018T140000	10.015	31.405	3.529	0.0000	399.125	5.370
20101018T150000	10.678	31.400	3.344	0.0012	464.825	6.476
20101018T160000	11.028	31.373	4.026	0.0000	430.800	7.506
20101018T170000	10.283	34.528	4.424	0.0174	243.675	8.008
20101018T180000	9.153	38.560	3.676	0.0346	119.235	7.680
20101018T190000	8.012	42.013	3.038	0.0309	22.103	7.021
20101018T200000	7.382	44.330	2.786	0.0214	0.000	6.105
20101018T210000	7.263	45.835	2.828	0.0099	0.000	5.324
20101018T220000	6.880	48.193	2.325	0.0029	0.000	4.864
20101018T230000	6.914	49.048	2.305	0.0016	0.000	4.484
20101019T000000	3.801	65.678	0.810	0.0235	0.000	4.428
20101019T010000	2.652	69.688	0.722	0.0210	0.000	3.971
20101019T020000	1.799	75.105	0.914	0.0095	0.000	3.466
20101019T030000	2.860	71.765	0.906	0.0000	0.000	3.095
20101019T040000	3.194	70.125	1.219	0.0000	0.000	2.927
20101019T050000	7.343	48.853	3.604	0.0000	0.000	2.454
20101019T060000	8.690	43.673	4.676	0.0000	0.000	2.643
20101019T070000	8.418	45.468	3.862	0.0000	0.000	2.977
20101019T080000	7.197	50.588	3.059	0.0140	0.000	3.138
20101019T090000	6.325	54.838	2.501	0.0095	9.508	3.132
20101019T100000	7.913	50.120	2.694	0.0000	38.688	3.053
20101019T110000	8.868	47.598	3.985	0.0000	215.375	3.263
20101019T120000	9.325	46.968	3.357	0.0000	174.400	4.673
20101019T130000	10.360	44.005	3.254	0.0202	248.000	5.147
20101019T140000	12.228	39.218	4.164	0.0000	540.325	6.144
20101019T150000	12.705	37.978	3.413	0.0000	487.850	8.416
20101019T160000	12.783	37.963	2.817	0.0000	386.850	9.445
20101019T170000	11.635	41.458	2.418	0.0292	170.790	9.808
20101019T180000	9.768	48.918	1.425	0.0441	33.255	9.145
20101019T190000	6.357	64.043	0.778	0.0387	5.675	8.089
20101019T200000	4.390	69.708	0.789	0.0231	0.000	6.942
20101019T210000	3.572	71.983	0.709	0.0124	0.000	5.960
20101019T220000	2.361	77.430	0.708	0.0115	0.000	5.211
20101019T230000	1.872	78.075	0.981	0.0070	0.000	4.518
20101020T000000	2.451	74.905	1.713	0.0000	0.000	3.910
20101020T010000	2.147	73.735	1.011	0.0000	0.000	3.527
20101020T020000	0.396	81.498	0.633	0.0066	0.000	3.257
20101020T030000	-0.924	87.600	0.614	0.0124	0.000	2.877
20101020T040000	-0.824	87.225	0.749	0.0008	0.000	2.443
20101020T050000	-1.325	89.825	0.566	0.0000	0.000	2.186
20101020T060000	-0.731	88.500	1.017	0.0000	0.000	1.937
20101020T070000	2.198	75.333	1.159	0.0000	0.000	1.616
20101020T080000	2.760	73.170	1.094	0.0029	0.000	1.609
20101020T090000	1.220	79.390	0.965	0.0000	7.547	1.661
20101020T100000	3.121	72.428	1.269	0.0021	51.520	1.328
20101020T110000	6.106	60.980	1.458	0.0000	239.700	0.966
20101020T120000	10.133	47.043	3.231	0.0000	441.250	2.420
20101020T130000	13.055	35.193	3.562	0.0000	479.900	5.116
20101020T140000	14.520	28.220	3.652	0.0000	498.550	7.222
20101020T150000	15.495	25.248	3.582	0.0000	493.625	8.788
20101020T160000	15.745	25.048	3.153	0.0000	380.400	9.675
20101020T170000	15.425	25.918	3.340	0.0112	248.625	9.853
20101020T180000	14.185	28.610	2.978	0.0416	93.873	9.535
20101020T190000	10.980	40.150	1.316	0.0539	10.420	8.815
20101020T200000	6.497	58.200	0.750	0.0454	0.000	7.819
20101020T210000	3.747	67.580	0.689	0.0305	0.000	6.757
20101020T220000	2.633	71.030	0.799	0.0136	0.000	5.805
20101020T230000	1.210	76.570	0.523	0.0115	0.000	5.090
20101021T000000	0.047	81.905	0.559	0.0062	0.000	4.464
20101021T010000	-0.509	85.575	0.555	0.0054	0.000	3.887
20101021T020000	-0.957	88.250	0.564	0.0057	0.000	3.388
20101021T030000	-0.762	87.875	0.614	0.0000	0.000	2.951
20101021T040000	-1.053	90.050	0.624	0.0000	0.000	2.637
20101021T050000	-1.251	90.775	0.579	0.0021	0.000	2.362
20101021T060000	-0.822	90.175	0.737	0.0000	0.000	2.082
20101021T070000	-1.606	92.150	0.526	0.0021	0.000	1.957
20101021T080000	-2.420	95.775	0.484	0.0021	0.000	1.903
20101021T090000	-2.637	98.000	0.696	0.0000	13.990	1.529
20101021T100000	-1.984	95.950	0.316	0.0000	97.443	1.334
20101021T110000	4.753	73.240	0.370	0.0000	281.950	0.583
20101021T120000	10.535	44.373	1.234	0.0000	406.775	2.463
20101021T130000	13.520	34.465	3.074	0.0000	483.350	5.443
20101021T140000	15.613	28.888	3.720	0.0000	507.550	7.551
20101021T150000	16.760	26.183	2.908	0.0000	475.450	9.173
20101021T160000	17.265	24.690	2.446	0.0000	395.075	10.070
20101021T170000	16.885	23.743	2.329	0.0095	272.625	10.490
20101021T180000	12.773	36.530	1.558	0.0684	66.540	10.425
20101021T190000	7.493	55.230	0.568	0.0758	2.465	9.253
20101021T200000	5.484	58.873	1.109	0.0329	0.000	7.773
20101021T210000	4.762	61.765	1.507	0.0120	0.000	6.547
20101021T220000	2.848	69.465	0.923	0.0115	0.000	5.817
20101021T230000	0.688	78.145	0.435	0.0165	0.000	5.160
20101022T000000	0.629	79.840	0.885	0.0029	0.000	4.401
20101022T010000	-0.227	83.700	0.773	0.0016	0.000	3.862
20101022T020000	-1.234	87.825	0.584	0.0038	0.000	3.417
20101022T030000	-1.796	90.725	0.648	0.0049	0.000	3.023
20101022T040000	-2.458	93.600	0.501	0.0000	0.000	2.690
20101022T050000	2.148	75.866	1.508	0.0000	15.737	2.169
20101022T060000	1.674	79.128	1.478	0.0027	15.737	2.192
20101022T070000	1.085	83.085	1.500	0.0000	15.737	2.473
20101022T080000	0.892	85.044	1.488	0.0016	15.737	3.075
20101022T090000	-3.452	99.100	0.732	0.0191	10.500	1.369
20101022T100000	-2.832	97.067	0.770	0.1387	36.030	1.270
20101022T110000	-1.390	94.225	0.229	0.0000	143.750	1.037
20101022T120000	4.963	70.920	0.482	0.0000	354.525	0.686
20101022T130000	9.318	54.915	0.900	0.0000	214.925	3.242
20101022T140000	12.175	45.083	1.766	0.0000	349.375	4.746
20101022T150000	13.623	36.475	1.999	0.0000	225.350	6.402
20101022T160000	13.965	33.755	2.669	0.0000	243.825	7.029
20101022T170000	13.235	35.143	2.643	0.0156	117.950	7.591
20101022T180000	12.235	38.265	2.170	0.0260	37.548	7.530
20101022T190000	10.350	43.150	1.880	0.0354	1.752	7.090
20101022T200000	7.649	52.103	1.704	0.0408	0.000	6.320
20101022T210000	6.708	57.305	0.796	0.0177	0.000	5.414
20101022T220000	7.083	56.355	1.077	0.0021	0.514	5.033
20101022T230000	8.165	50.635	1.319	0.0000	0.000	4.872
20101023T000000	5.305	60.800	1.296	0.0334	0.000	4.769
20101023T010000	2.859	68.938	0.823	0.0091	0.000	4.222
20101023T020000	0.855	77.168	0.751	0.0185	0.000	3.600
20101023T030000	0.068	79.670	0.642	0.0095	0.000	3.003
20101023T040000	-0.962	83.975	0.669	0.0103	0.000	2.590
20101023T050000	-1.184	85.975	0.392	0.0000	0.000	2.202
20101023T060000	-1.446	88.275	0.504	0.0000	0.000	2.058
20101023T070000	-2.019	90.550	0.462	0.0045	0.000	1.883
20101023T080000	-2.549	92.950	0.520	0.0005	0.000	1.697
20101023T090000	-2.425	93.850	0.354	0.0000	16.088	1.476
20101023T100000	-1.728	92.150	0.249	0.0094	77.295	1.242
20101023T110000	3.380	73.883	0.388	0.0000	260.400	0.636
20101023T120000	7.173	56.995	0.827	0.0000	342.525	2.347
20101023T130000	8.638	49.495	1.798	0.0000	397.050	4.801
20101023T140000	9.820	45.215	2.084	0.0000	430.375	6.656
20101023T150000	9.230	51.125	2.882	0.0189	388.025	8.067
20101023T160000	9.543	51.670	1.574	0.0000	248.900	8.335
20101023T170000	10.038	43.980	1.056	0.0144	141.550	8.238
20101023T180000	8.236	61.988	1.118	0.0235	47.420	7.898
20101023T190000	7.134	68.435	2.261	0.0239	2.382	7.249
20101023T200000	6.006	73.613	2.391	0.0178	0.000	6.553
20101023T210000	4.892	78.583	1.913	0.0177	0.000	6.049
20101023T220000	4.215	82.075	1.718	0.0094	0.000	5.637
20101023T230000	3.529	85.300	1.273	0.0087	0.000	5.341
20101024T000000	2.890	88.400	1.271	0.0111	0.000	4.904
20101024T010000	2.349	90.225	0.774	0.0054	0.000	4.578
20101024T020000	1.133	92.925	0.579	0.0087	0.000	4.290
20101024T030000	-0.441	96.125	0.521	0.0135	0.000	3.906
20101024T040000	1.045	90.188	1.597	0.0000	15.737	7.621
20101024T050000	1.332	88.446	1.589	0.0899	15.737	7.332
20101024T060000	1.518	85.507	1.572	0.0645	15.737	7.162
20101024T070000	1.680	82.323	1.564	0.0000	15.737	7.086
20101024T080000	1.673	78.873	1.497	0.0023	15.737	7.046
20101024T090000	1.464	78.377	1.512	0.0000	24.234	6.974
20101024T100000	3.734	71.670	1.152	0.0735	42.600	2.330
20101024T110000	4.805	66.078	1.787	0.0000	59.295	2.589
20101024T120000	5.202	64.763	1.905	0.0000	75.205	3.059
20101024T130000	5.425	65.223	2.489	0.0000	106.100	3.474
20101024T140000	5.499	66.723	2.486	0.0004	119.750	3.930
20101024T150000	5.790	66.233	2.413	0.0000	121.925	4.313
20101024T160000	5.881	67.530	2.124	0.0000	105.450	4.674
20101024T170000	6.801	62.795	1.295	0.0000	138.250	4.783
20101024T180000	7.173	54.375	2.106	0.0000	81.340	5.270
20101024T190000	6.314	55.983	2.901	0.0128	7.893	5.253
20101024T200000	3.590	66.045	1.023	0.0325	0.000	4.931
20101024T210000	0.299	77.618	0.580	0.0318	0.000	4.135
20101024T220000	-1.110	83.275	0.578	0.0193	0.000	3.341
20101024T230000	-1.624	86.375	0.619	0.0087	0.000	2.740
20101025T000000	-2.099	88.250	0.635	0.0170	0.000	2.373
20101025T010000	-2.408	90.975	0.323	0.0000	0.000	1.989
20101025T020000	-0.367	93.675	1.438	0.0000	0.000	1.637
20101025T030000	0.105	92.775	2.079	0.0000	0.000	1.606
20101025T040000	-0.004	91.075	1.347	0.0202	0.000	1.697
20101025T050000	-0.382	97.889	1.563	0.2089	15.737	6.530
20101025T060000	-0.555	97.943	1.496	0.1713	15.737	6.404
20101025T070000	-0.604	97.834	1.483	0.0967	15.737	6.300
20101025T080000	-0.794	97.834	1.505	0.0152	15.737	6.196
20101025T090000	-1.767	98.150	0.187	0.0000	16.740	1.767
20101025T100000	-0.991	96.800	0.176	0.1107	85.485	1.530
20101025T110000	0.475	89.075	0.362	0.1275	163.375	1.652
20101025T120000	1.201	85.725	0.891	0.0000	211.175	2.598
20101025T130000	1.647	80.813	1.734	0.0000	212.750	3.650
20101025T140000	1.891	78.053	1.897	0.0000	152.975	4.321
20101025T150000	1.845	80.045	1.837	0.0053	100.500	4.457
20101025T160000	1.726	81.125	1.944	0.0021	74.553	4.342
20101025T170000	1.482	80.550	1.730	0.0049	50.245	4.157
20101025T180000	1.263	80.600	2.056	0.0029	32.183	3.915
20101025T190000	0.821	82.325	2.407	0.0070	3.156	3.618
20101025T200000	0.060	85.650	1.709	0.0181	0.000	3.167
20101025T210000	-1.355	91.875	0.361	0.0157	0.000	2.667
20101025T220000	-2.218	95.975	0.321	0.0074	0.000	2.339
20101025T230000	-0.938	99.440	1.478	0.1764	15.737	5.964
20101026T000000	-1.065	99.549	1.478	0.0702	15.737	5.820
20101026T010000	-1.169	99.032	1.478	0.0000	15.737	5.766
20101026T020000	-1.387	98.814	1.478	0.0422	15.737	5.677
20101026T030000	-1.434	99.005	1.478	0.0646	15.737	5.615
20101026T040000	-1.325	99.494	1.478	0.0380	15.737	5.570
20101026T050000	-1.404	99.848	1.478	0.0153	15.737	5.500
20101026T060000	-1.554	99.875	1.478	0.0141	15.737	5.416
20101026T070000	-1.865	99.875	1.478	0.0060	15.737	5.352
20101026T080000	-1.702	99.875	1.478	0.0269	15.737	5.261
20101026T090000	-1.517	96.100	0.770	0.0760	13.510	1.442
20101026T100000	-1.299	95.600	0.733	0.1266	41.680	1.388
20101026T110000	-0.995	94.125	1.555	0.0262	98.433	1.510
20101026T120000	-0.671	90.725	2.127	0.0000	139.450	1.933
20101026T130000	-0.445	88.550	2.096	0.0301	204.025	2.400
20101026T140000	0.722	81.310	2.559	0.0000	306.575	3.143
20101026T150000	0.433	82.125	2.559	0.0000	204.475	4.122
20101026T160000	0.612	79.985	2.550	0.0000	170.525	4.238
20101026T170000	0.930	78.720	2.272	0.0000	165.825	4.256
20101026T180000	0.485	82.310	2.133	0.0112	56.308	4.324
20101026T190000	-0.238	87.075	2.153	0.0169	5.448	3.793
20101026T200000	-0.769	89.800	1.449	0.0103	0.000	3.173
20101026T210000	-1.347	92.575	0.394	0.0087	0.000	2.697
20101026T220000	-1.798	94.800	0.461	0.0091	0.000	2.343
20101026T230000	-1.643	94.850	0.456	0.0004	0.000	2.088
20101027T000000	-1.594	94.975	0.927	0.0000	0.000	1.978
20101027T010000	-0.801	98.542	1.494	0.0309	15.737	5.054
20101027T020000	-0.751	98.243	1.501	0.0000	15.737	4.945
20101027T030000	-0.732	98.106	1.510	0.0000	15.737	4.882
20101027T040000	-0.973	98.215	1.507	0.0000	15.737	4.822
20101027T050000	-0.888	98.106	1.514	0.0243	15.737	4.771
20101027T060000	-0.909	97.807	1.492	0.0000	15.737	4.725
20101027T070000	-1.076	97.535	1.528	0.0066	15.737	4.701
20101027T080000	-1.560	98.134	1.525	0.0027	15.737	4.655
20101027T090000	-2.738	97.100	0.861	0.0780	30.545	0.794
20101027T100000	-1.350	90.450	0.788	0.1892	47.708	0.646
20101027T110000	3.275	65.075	2.071	0.0000	207.175	0.169
20101027T120000	4.788	51.348	2.723	0.0000	198.925	0.580
20101027T130000	6.139	42.315	3.226	0.0000	318.500	1.890
20101027T140000	6.666	38.825	2.940	0.0037	381.000	3.247
20101027T150000	7.481	34.745	3.858	0.0000	525.375	4.810
20101027T160000	6.492	36.745	3.516	0.0132	252.375	6.213
20101027T170000	5.720	39.985	3.073	0.0529	152.300	5.883
20101027T180000	3.616	48.995	1.669	0.0478	23.005	5.422
20101027T190000	-0.101	66.713	0.512	0.0446	0.000	4.448
20101027T200000	-2.453	77.763	0.409	0.0301	0.000	3.355
20101027T210000	-2.309	78.363	0.857	0.0074	0.000	2.433
20101027T220000	-2.527	79.010	0.701	0.0021	0.000	1.902
20101027T230000	-2.570	79.853	1.039	0.0000	0.000	1.539
20101028T000000	-1.608	76.293	1.074	0.0000	0.000	1.208
20101028T010000	-2.257	81.085	0.707	0.0000	0.000	1.138
20101028T020000	-2.288	80.920	0.968	0.0025	0.000	0.999
20101028T030000	-2.976	82.973	0.736	0.0033	0.000	0.883
20101028T040000	-3.636	87.225	0.852	0.0049	0.000	0.757
20101028T050000	-3.802	87.500	0.791	0.0000	0.000	0.601
20101028T060000	-3.865	87.325	0.712	0.0008	0.000	0.432
20101028T070000	-4.574	90.525	0.553	0.0050	0.000	0.396
20101028T080000	-4.549	90.413	0.596	0.0000	15.737	0.221
20101028T090000	-4.525	90.300	0.639	0.0000	21.280	0.047
20101028T100000	-3.073	87.600	0.690	0.2107	72.600	-0.236
20101028T110000	-0.660	76.640	1.001	0.0000	147.600	-0.334
20101028T120000	0.732	67.295	2.365	0.0000	177.850	-0.184
20101028T130000	2.301	58.983	2.140	0.0000	245.625	-0.140
20101028T140000	3.650	51.820	3.314	0.0000	246.850	0.047
20101028T150000	4.718	47.188	3.958	0.0000	196.475	0.230
20101028T160000	4.770	49.400	3.717	0.0028	139.950	0.907
20101028T170000	4.864	51.055	2.789	0.0083	90.005	1.567
20101028T180000	4.838	52.488	2.593	0.0091	38.403	1.820
20101028T190000	4.309	55.508	2.650	0.0136	1.617	1.747
20101028T200000	3.597	61.000	3.329	0.0112	0.000	1.473
20101028T210000	2.687	68.175	3.077	0.0144	0.000	1.274
20101028T220000	2.215	70.055	2.715	0.0074	0.000	1.031
20101028T230000	1.755	70.995	0.941	0.0112	0.000	0.984
20101029T000000	1.194	73.583	1.154	0.0070	0.000	0.875
20101029T010000	1.670	72.783	0.754	0.0000	0.000	0.727
20101029T020000	2.295	71.210	1.742	0.0000	0.000	0.704
20101029T030000	1.970	73.565	1.511	0.0020	0.000	0.785
20101029T040000	1.740	74.823	1.746	0.0033	0.000	0.769
20101029T050000	0.759	79.098	1.194	0.0095	0.000	0.810
20101029T060000	1.106	76.610	1.590	0.0078	0.000	0.689
20101029T070000	-0.480	87.412	1.478	0.0000	15.737	0.442
20101029T080000	-0.434	86.895	1.482	0.0000	15.737	0.531
20101029T090000	-0.596	86.922	1.540	0.0180	20.599	1.124
20101029T100000	-0.484	84.775	1.031	0.1367	51.385	0.385
20101029T110000	3.303	65.475	2.932	0.0000	128.473	0.015
20101029T120000	5.696	47.190	2.536	0.0000	269.853	-0.016
20101029T130000	7.261	36.888	3.502	0.0000	440.300	1.249
20101029T140000	7.191	35.605	3.600	0.0000	403.650	3.849
20101029T150000	6.075	38.105	2.984	0.0206	147.050	5.226
20101029T160000	5.576	37.913	2.936	0.0210	92.413	4.634
20101029T170000	4.912	38.900	2.275	0.0190	47.275	3.895
20101029T180000	3.354	47.783	1.849	0.0240	22.948	3.238
20101029T190000	1.856	54.348	1.928	0.0251	0.374	2.529
20101029T200000	1.140	56.848	1.866	0.0178	0.000	1.919
20101029T210000	1.883	51.610	2.161	0.0000	0.000	1.424
20101029T220000	2.252	48.420	2.557	0.0000	0.000	1.153
20101029T230000	2.746	47.068	2.709	0.0000	0.000	0.953
20101030T000000	2.973	45.918	3.216	0.0000	0.000	0.837
20101030T010000	3.365	43.260	3.437	0.0000	0.000	0.722
20101030T020000	3.443	42.193	3.866	0.0000	0.000	0.656
20101030T030000	2.715	44.798	2.439	0.0082	0.000	0.688
20101030T040000	0.260	55.265	1.505	0.0227	0.000	0.753
20101030T050000	1.822	50.138	3.473	0.0000	0.000	0.308
20101030T060000	1.685	51.325	3.545	0.0000	0.000	0.301
20101030T070000	1.234	54.619	2.866	0.0383	15.737	0.203
20101030T080000	1.757	52.746	3.572	0.0000	15.737	0.036
20101030T090000	0.353	60.700	1.160	0.0161	9.411	0.172
20101030T100000	1.077	56.313	3.287	0.1280	30.308	0.032
20101030T110000	3.031	48.728	4.589	0.0000	260.100	-0.391
20101030T120000	4.708	41.068	4.849	0.0000	383.550	-0.207
20101030T130000	6.095	35.308	5.138	0.0000	456.625	-0.028
20101030T140000	6.975	31.538	5.367	0.0000	479.125	0.813
20101030T150000	7.457	29.440	5.309	0.0000	445.725	2.953
20101030T160000	7.416	27.640	5.184	0.0000	364.400	3.921
20101030T170000	7.124	24.200	4.849	0.0017	238.725	4.195
20101030T180000	5.664	25.873	3.023	0.0446	33.435	3.929
20101030T190000	2.801	36.090	1.461	0.0425	0.000	2.992
20101030T200000	2.963	37.710	3.602	0.0074	0.000	1.853
20101030T210000	4.207	35.395	3.662	0.0000	0.000	1.377
20101030T220000	3.881	40.040	3.750	0.0000	0.000	1.208
20101030T230000	2.401	51.928	3.000	0.0111	0.000	1.154
20101031T000000	0.914	62.415	1.817	0.0124	0.000	1.038
20101031T010000	-0.901	71.163	1.602	0.0144	0.000	0.937
20101031T020000	-1.044	72.530	0.972	0.0025	0.000	0.652
20101031T030000	-0.988	73.780	1.264	0.0000	0.000	0.477
20101031T040000	-1.286	77.050	0.968	0.0033	0.000	0.460
20101031T050000	0.981	73.068	1.521	0.0000	1.399	0.085
20101031T060000	5.448	55.500	2.994	0.0000	0.129	-0.190
20101031T070000	3.392	63.435	1.898	0.0152	15.737	0.208
20101031T080000	2.254	69.569	1.517	0.0000	15.737	0.324
20101031T090000	1.831	73.297	1.543	0.0090	18.331	0.629
20101031T100000	6.436	52.407	2.413	0.0071	32.853	0.299
20101031T110000	7.198	48.983	3.582	0.0000	63.598	0.261
20101031T120000	7.875	45.785	4.563	0.0000	149.700	0.333
20101031T130000	8.078	44.023	4.553	0.0021	109.925	1.246
20101031T140000	9.128	40.995	4.476	0.0091	365.400	1.854
20101031T150000	8.908	42.273	4.226	0.0000	261.825	3.902
20101031T160000	8.136	45.400	3.213	0.0239	153.175	4.568
20101031T170000	8.080	42.318	3.263	0.0178	121.775	4.494
20101031T180000	7.462	43.813	3.159	0.0086	26.680	4.399
20101031T190000	6.081	56.235	3.413	0.0314	0.000	4.033
20101031T200000	6.274	50.450	2.557	0.0087	0.000	3.534
20101031T210000	6.769	41.580	3.305	0.0000	0.000	3.118
20101031T220000	6.488	40.768	3.543	0.0000	0.000	2.861
20101031T230000	6.137	41.645	4.160	0.0058	0.000	2.547