datetime	t 	rh 	u 	p 	Qsi 	T_g 
20101001T010000	1.525	84.600	1.007	0.0000	0.000	5.918
20101001T020000	0.973	87.450	1.119	0.0185	0.000	5.756
20101001T030000	0.584	88.975	0.873	0.0000	0.000	5.596
20101001T040000	0.231	90.375	0.797	0.0028	0.000	5.441
20101001T050000	0.078	91.300	1.036	0.0062	0.000	5.289
20101001T060000	-0.211	91.825	0.855	0.0067	0.000	5.145
20101001T070000	-0.473	91.575	0.870	0.0114	0.000	5.011
20101001T080000	-0.102	88.925	1.123	0.0436	4.014	4.885
20101001T090000	1.477	85.925	1.195	0.1002	138.345	4.766
20101001T100000	5.800	70.985	1.078	0.0000	293.825	4.631
20101001T110000	10.495	56.883	1.124	0.0000	417.075	4.525
20101001T120000	13.283	48.480	0.480	0.0000	567.400	4.805
20101001T130000	15.583	42.680	0.577	0.0000	643.375	5.330
20101001T140000	18.215	39.058	0.872	0.0000	654.400	5.900
20101001T150000	19.358	35.473	1.220	0.0000	601.925	6.321
20101001T160000	19.018	36.408	1.208	0.0000	506.075	6.651
20101001T170000	16.565	44.858	1.344	0.0039	377.000	6.770
20101001T180000	13.083	55.643	1.173	0.0118	100.083	6.842
20101001T190000	10.793	61.580	1.134	0.0338	12.923	6.800
20101001T200000	11.993	53.425	1.137	0.0227	0.000	6.674
20101001T210000	10.053	60.248	1.241	0.0000	0.000	6.529
20101001T220000	9.235	62.498	1.159	0.0624	0.000	6.375
20101001T230000	10.850	56.995	1.093	0.0440	0.000	6.212
20101002T000000	9.753	60.100	1.098	0.0000	0.000	6.079
20101002T010000	8.075	65.463	1.174	0.0020	0.000	5.963
20101002T020000	7.051	68.433	1.093	0.0247	0.000	5.840
20101002T030000	6.815	67.978	1.134	0.0071	0.000	5.717
20101002T040000	6.555	71.548	1.220	0.0031	0.000	5.598
20101002T050000	6.588	70.968	1.141	0.0259	0.000	5.493
20101002T060000	7.033	69.235	1.081	0.0035	0.000	5.397
20101002T070000	6.377	70.848	1.155	0.0000	0.000	5.308
20101002T080000	5.794	74.505	1.248	0.0000	2.868	5.222
20101002T090000	6.519	73.540	1.235	0.0780	129.793	5.134
20101002T100000	10.345	63.350	1.039	0.0000	301.300	5.015
20101002T110000	15.298	49.785	1.279	0.0553	449.525	4.975
20101002T120000	17.133	44.178	1.145	0.0000	564.325	5.360
20101002T130000	19.185	37.153	1.160	0.0000	632.125	5.898
20101002T140000	19.885	29.198	1.276	0.0000	644.525	6.432
20101002T150000	20.178	28.490	1.327	0.0122	602.125	6.818
20101002T160000	19.783	29.615	1.370	0.0137	511.375	7.098
20101002T170000	17.905	35.370	1.252	0.0000	380.825	7.174
20101002T180000	15.005	41.570	1.140	0.0542	101.675	7.196
20101002T190000	12.918	48.378	1.035	0.0306	11.680	7.122
20101002T200000	12.318	49.925	0.992	0.0200	0.000	6.976
20101002T210000	11.613	53.513	1.150	0.0298	0.000	6.808
20101002T220000	12.140	52.550	1.219	0.0036	0.000	6.645
20101002T230000	10.335	59.275	1.162	0.0000	0.000	6.507
20101003T000000	9.773	61.213	1.084	0.0537	0.000	6.369
20101003T010000	9.273	62.423	1.045	0.0000	0.000	6.229
20101003T020000	9.393	59.905	1.078	0.0000	0.000	6.088
20101003T030000	7.848	67.000	1.175	0.0082	0.000	5.963
20101003T040000	7.026	71.383	1.165	0.0000	0.000	5.840
20101003T050000	6.517	72.055	1.135	0.0126	0.000	5.720
20101003T060000	6.193	75.203	1.135	0.0000	0.000	5.610
20101003T070000	6.084	76.813	1.171	0.0000	0.000	5.507
20101003T080000	5.900	75.945	1.224	0.0443	4.987	5.428
20101003T090000	7.071	72.693	1.155	0.0883	49.210	5.363
20101003T100000	8.036	72.510	1.244	0.0000	79.395	5.346
20101003T110000	9.853	65.490	1.177	0.0000	395.250	5.446
20101003T120000	12.145	58.835	1.071	0.0000	542.600	5.735
20101003T130000	13.993	54.393	1.218	0.0455	395.275	6.227
20101003T140000	15.070	52.125	1.210	0.0000	616.575	6.686
20101003T150000	17.555	46.715	1.336	0.0832	545.725	6.987
20101003T160000	17.413	45.025	1.323	0.0078	382.500	7.296
20101003T170000	17.113	48.123	1.207	0.0000	257.950	7.498
20101003T180000	15.078	53.340	1.191	0.0047	58.325	7.721
20101003T190000	13.645	59.710	1.234	0.0408	16.937	7.806
20101003T200000	13.198	60.560	1.198	0.0110	0.000	7.787
20101003T210000	12.598	64.108	1.215	0.0114	0.000	7.724
20101003T220000	11.720	69.823	1.299	0.0287	0.000	7.658
20101003T230000	10.958	74.813	1.283	0.0102	0.000	7.602
20101004T000000	10.128	77.123	1.331	0.0157	0.000	7.543
20101004T010000	9.703	78.795	1.288	0.0094	0.000	7.476
20101004T020000	9.308	80.040	1.270	0.0000	0.000	7.412
20101004T030000	8.803	82.825	1.332	0.0071	0.000	7.348
20101004T040000	8.600	83.825	1.339	0.0000	0.000	7.282
20101004T050000	8.578	84.225	1.322	0.0094	0.000	7.223
20101004T060000	8.405	87.025	1.242	0.0064	0.000	7.180
20101004T070000	7.825	87.825	1.274	0.0000	0.000	7.144
20101004T080000	7.470	87.825	1.242	0.0012	2.402	7.097
20101004T090000	7.566	86.950	1.304	0.0499	40.535	7.045
20101004T100000	8.935	82.875	1.346	0.0176	96.748	7.019
20101004T110000	9.775	80.908	1.328	0.0028	144.588	7.095
20101004T120000	11.570	72.970	1.129	0.0000	323.600	7.210
20101004T130000	13.445	60.233	1.163	0.0000	404.550	7.461
20101004T140000	14.698	47.205	1.199	0.0103	595.950	7.819
20101004T150000	14.790	43.108	1.192	0.0000	485.925	8.188
20101004T160000	15.008	43.265	1.154	0.0000	438.700	8.393
20101004T170000	14.218	45.483	1.244	0.0000	289.175	8.410
20101004T180000	12.480	50.138	1.245	0.0051	97.235	8.410
20101004T190000	9.963	60.953	1.356	0.0275	13.014	8.368
20101004T200000	8.092	66.485	1.202	0.0067	0.000	8.213
20101004T210000	7.136	68.628	1.103	0.0050	0.000	7.976
20101004T220000	6.865	71.008	1.217	0.0000	0.000	7.747
20101004T230000	6.925	76.188	1.304	0.0635	0.000	7.557
20101005T000000	6.984	85.675	1.216	1.0053	0.000	7.426
20101005T010000	5.201	95.225	1.153	0.8792	0.000	7.371
20101005T020000	5.007	96.750	1.165	0.0000	0.000	7.311
20101005T030000	5.108	97.400	1.160	0.0476	0.000	7.248
20101005T040000	3.854	97.250	1.154	0.8047	0.000	7.212
20101005T050000	2.956	95.975	1.169	0.1116	0.000	7.175
20101005T060000	2.438	96.250	1.129	0.0138	0.000	7.120
20101005T070000	1.944	96.400	1.101	0.0437	0.000	7.057
20101005T080000	1.492	96.150	1.080	0.0000	2.905	6.994
20101005T090000	0.910	96.725	0.817	0.0079	111.743	6.922
20101005T100000	3.254	92.975	0.845	0.1325	204.075	6.758
20101005T110000	5.198	89.975	1.069	0.0000	391.550	6.616
20101005T120000	8.108	79.650	0.985	0.0907	549.875	6.741
20101005T130000	10.448	70.220	1.092	0.0000	617.375	7.006
20101005T140000	11.448	55.523	0.867	0.0000	631.450	7.326
20101005T150000	11.715	45.450	1.045	0.0000	590.475	7.545
20101005T160000	11.950	40.960	1.126	0.0000	497.475	7.696
20101005T170000	10.338	45.290	1.088	0.0000	361.300	7.666
20101005T180000	8.163	50.153	1.122	0.0323	91.523	7.595
20101005T190000	7.125	47.175	1.070	0.0194	8.930	7.450
20101005T200000	7.055	45.538	1.232	0.0000	0.000	7.247
20101005T210000	4.985	56.875	0.972	0.0000	0.000	7.045
20101005T220000	4.266	61.908	0.896	0.0276	0.000	6.845
20101005T230000	4.043	66.178	0.979	0.0071	0.000	6.656
20101006T000000	3.961	68.175	0.965	0.0000	0.000	6.494
20101006T010000	3.576	66.888	0.801	0.0217	0.000	6.354
20101006T020000	3.309	71.655	0.799	0.0000	0.000	6.217
20101006T030000	3.248	69.883	0.757	0.0111	0.000	6.084
20101006T040000	2.824	70.670	0.799	0.0106	0.000	5.954
20101006T050000	2.510	71.825	0.683	0.0040	0.000	5.826
20101006T060000	2.473	71.540	0.699	0.0000	0.000	5.700
20101006T070000	2.092	73.968	0.688	0.0000	0.000	5.578
20101006T080000	1.732	76.463	0.702	0.0023	2.747	5.461
20101006T090000	2.230	75.940	0.723	0.0998	120.213	5.345
20101006T100000	6.725	61.098	0.828	0.0000	284.950	5.199
20101006T110000	11.318	50.050	1.066	0.0000	424.375	5.074
20101006T120000	13.203	46.648	1.122	0.0000	533.400	5.297
20101006T130000	14.573	43.365	1.052	0.0000	596.625	5.709
20101006T140000	16.803	41.978	1.171	0.0000	607.425	6.147
20101006T150000	17.808	42.078	1.272	0.0000	564.200	6.485
20101006T160000	17.170	44.450	1.211	0.0040	475.125	6.771
20101006T170000	14.138	53.923	0.948	0.0000	342.800	6.881
20101006T180000	10.888	66.203	0.639	0.0753	80.595	6.924
20101006T190000	9.398	69.980	0.496	0.0133	8.326	6.862
20101006T200000	8.370	72.783	0.829	0.0000	0.000	6.730
20101006T210000	7.647	72.990	0.958	0.0000	0.000	6.565
20101006T220000	7.047	73.583	0.898	0.0000	0.000	6.393
20101006T230000	6.700	73.243	0.871	0.0189	0.000	6.230
20101007T000000	6.416	73.115	0.939	0.0248	0.000	6.079
20101007T010000	6.055	74.615	0.915	0.0000	0.000	5.941
20101007T020000	5.473	75.880	0.865	0.0055	0.000	5.812
20101007T030000	5.060	76.128	1.000	0.0043	0.000	5.689
20101007T040000	4.587	78.113	0.890	0.0032	0.000	5.569
20101007T050000	4.428	78.830	0.691	0.0134	0.000	5.452
20101007T060000	4.009	79.570	0.744	0.0000	0.000	5.338
20101007T070000	4.057	78.613	0.647	0.0075	0.000	5.229
20101007T080000	3.761	79.808	0.750	0.0000	0.801	5.128
20101007T090000	4.684	76.235	0.723	0.0953	104.403	5.028
20101007T100000	8.453	64.508	0.978	0.0000	268.250	4.907
20101007T110000	12.825	53.535	1.232	0.0000	412.825	4.802
20101007T120000	14.653	50.485	1.157	0.0000	520.575	5.044
20101007T130000	16.035	46.365	1.116	0.0000	580.825	5.468
20101007T140000	17.268	37.328	1.157	0.0000	590.400	5.918
20101007T150000	18.178	34.830	1.159	0.0011	486.325	6.259
20101007T160000	16.878	40.205	1.174	0.0162	344.450	6.563
20101007T170000	15.023	47.738	1.311	0.0000	140.750	6.725
20101007T180000	13.718	51.213	1.307	0.0335	57.763	6.868
20101007T190000	12.560	52.243	1.209	0.0166	22.752	6.949
20101007T200000	11.413	54.148	1.145	0.0300	0.000	6.924
20101007T210000	10.485	57.458	1.060	0.0236	0.000	6.805
20101007T220000	9.398	58.640	1.094	0.0166	0.000	6.649
20101007T230000	8.350	57.628	0.608	0.0225	0.000	6.496
20101008T000000	8.788	55.758	0.880	0.0011	0.000	6.325
20101008T010000	9.410	53.545	1.132	0.0056	0.000	6.171
20101008T020000	9.035	56.598	1.156	0.0000	0.000	6.053
20101008T030000	7.958	62.340	1.023	0.0000	0.000	5.962
20101008T040000	7.547	65.683	1.015	0.0185	0.000	5.889
20101008T050000	7.856	64.213	1.013	0.0225	0.000	5.826
20101008T060000	8.511	61.585	1.104	0.0031	0.000	5.754
20101008T070000	9.525	56.058	1.173	0.0000	0.000	5.675
20101008T080000	8.858	57.925	1.078	0.0059	2.080	5.625
20101008T090000	9.198	56.585	1.106	0.0094	101.470	5.564
20101008T100000	11.605	50.195	1.049	0.0000	252.150	5.487
20101008T110000	13.010	50.805	1.111	0.0059	406.725	5.484
20101008T120000	13.428	51.000	1.128	0.0000	438.800	5.788
20101008T130000	13.868	45.068	1.141	0.0000	449.225	6.158
20101008T140000	14.440	44.085	1.134	0.0000	494.325	6.563
20101008T150000	14.775	45.390	1.307	0.0260	398.100	6.925
20101008T160000	13.688	47.343	1.138	0.0126	263.800	7.287
20101008T170000	12.813	50.145	1.163	0.0087	199.350	7.527
20101008T180000	12.018	51.835	1.192	0.0000	94.628	7.646
20101008T190000	9.718	62.300	1.363	0.0433	9.470	7.664
20101008T200000	7.803	69.910	1.305	0.0205	0.000	7.545
20101008T210000	6.253	74.685	1.218	0.0114	0.000	7.346
20101008T220000	5.670	76.243	1.125	0.0000	0.000	7.102
20101008T230000	5.549	77.620	1.097	0.0000	0.000	6.865
20101009T000000	5.073	79.518	1.017	0.0386	0.000	6.649
20101009T010000	5.117	79.915	0.904	0.0000	0.000	6.455
20101009T020000	5.400	77.815	0.933	0.0295	0.000	6.287
20101009T030000	6.590	71.093	0.978	0.0000	0.000	6.127
20101009T040000	7.511	66.825	1.126	0.0000	0.000	5.988
20101009T050000	7.326	65.160	1.088	0.0055	0.000	5.889
20101009T060000	6.027	71.320	1.067	0.0000	0.000	5.815
20101009T070000	5.458	73.143	1.053	0.0220	0.000	5.738
20101009T080000	7.125	63.290	1.322	0.0000	5.950	5.666
20101009T090000	7.779	61.898	1.033	0.0000	23.618	5.611
20101009T100000	8.048	60.800	1.339	0.0000	30.188	5.617
20101009T110000	7.611	67.663	1.032	0.0362	88.088	5.662
20101009T120000	9.140	62.715	1.005	0.0000	313.175	5.736
20101009T130000	12.480	47.333	1.294	0.0000	595.450	5.909
20101009T140000	12.990	44.665	1.302	0.1316	546.500	6.211
20101009T150000	12.448	45.980	1.443	0.0587	460.625	6.488
20101009T160000	12.503	46.595	1.236	0.0000	351.725	6.694
20101009T170000	10.978	53.465	1.266	0.0000	154.900	6.755
20101009T180000	10.313	54.565	1.172	0.0130	84.645	6.790
20101009T190000	8.910	62.620	1.215	0.0119	11.737	6.848
20101009T200000	9.203	59.843	1.290	0.0000	0.000	6.806
20101009T210000	9.005	62.778	1.328	0.0000	0.000	6.721
20101009T220000	9.105	64.243	1.226	0.0059	0.000	6.646
20101009T230000	9.640	64.160	1.265	0.0000	0.000	6.582
20101010T000000	9.933	62.353	1.529	0.0000	0.000	6.533
20101010T010000	9.843	63.993	1.615	0.0000	0.000	6.470
20101010T020000	9.983	64.463	1.872	0.0078	0.000	6.430
20101010T030000	10.105	65.613	1.693	0.0000	0.000	6.410
20101010T040000	10.235	67.008	1.192	0.0000	0.000	6.386
20101010T050000	10.578	65.908	1.601	0.0000	0.000	6.393
20101010T060000	11.720	59.720	1.888	0.0000	0.000	6.403
20101010T070000	12.333	58.480	2.148	0.0000	0.000	6.391
20101010T080000	11.850	62.210	2.371	0.0000	0.076	6.397
20101010T090000	11.870	62.553	1.994	0.0000	13.373	6.408
20101010T100000	11.978	62.810	2.070	0.0047	60.300	6.416
20101010T110000	12.518	60.918	1.707	0.0398	119.800	6.459
20101010T120000	13.115	58.250	2.093	0.0000	164.675	6.588
20101010T130000	13.875	55.245	2.243	0.0000	363.600	6.773
20101010T140000	15.298	50.903	2.020	0.0000	489.675	7.003
20101010T150000	14.923	52.288	1.939	0.0938	273.325	7.343
20101010T160000	13.985	57.003	1.278	0.0418	155.950	7.666
20101010T170000	11.998	72.898	1.139	0.6755	66.115	7.894
20101010T180000	7.896	93.450	1.009	2.9405	53.923	8.027
20101010T190000	6.993	94.700	1.119	0.1215	14.600	8.050
20101010T200000	6.180	89.750	1.103	0.0467	0.000	7.999
20101010T210000	6.799	81.173	0.923	0.0000	0.000	7.842
20101010T220000	6.769	81.825	0.902	0.0206	0.000	7.658
20101010T230000	5.622	91.925	0.962	0.1736	0.000	7.496
20101011T000000	4.679	92.300	0.986	0.5355	0.000	7.386
20101011T010000	3.331	95.175	1.162	0.0281	0.000	7.298
20101011T020000	3.022	95.525	1.213	0.0000	0.000	7.193
20101011T030000	1.943	96.400	1.048	0.0079	0.000	7.087
20101011T040000	0.744	97.000	0.721	0.0072	0.000	6.931
20101011T050000	0.571	97.625	0.640	0.0123	0.000	6.737
20101011T060000	-0.177	97.975	0.620	0.0000	0.000	6.558
20101011T070000	-0.465	98.600	0.843	0.0809	0.000	6.386
20101011T080000	-0.222	98.300	0.748	0.0575	0.832	6.228
20101011T090000	-0.583	96.950	0.950	0.0000	61.035	6.103
20101011T100000	0.319	91.050	0.921	0.1019	233.975	5.967
20101011T110000	2.467	75.743	0.913	0.0262	273.650	5.839
20101011T120000	3.582	66.510	1.001	0.0000	386.050	5.886
20101011T130000	4.565	52.073	1.008	0.0000	464.875	6.059
20101011T140000	5.367	36.870	1.117	0.0000	558.300	6.246
20101011T150000	6.040	35.658	1.168	0.0154	549.175	6.377
20101011T160000	5.927	30.595	1.095	0.0000	431.875	6.461
20101011T170000	4.117	39.180	1.124	0.0000	288.875	6.414
20101011T180000	2.504	42.478	1.258	0.0598	30.360	6.312
20101011T190000	2.661	38.793	1.337	0.0000	5.955	6.157
20101011T200000	2.483	39.203	1.721	0.0000	0.000	5.983
20101011T210000	2.283	40.653	1.764	0.0000	0.000	5.807
20101011T220000	2.216	42.040	1.979	0.0000	0.000	5.637
20101011T230000	2.091	44.045	1.954	0.0000	0.000	5.478
20101012T000000	1.699	48.790	1.748	0.0000	0.000	5.333
20101012T010000	1.056	58.273	1.432	0.0008	0.000	5.204
20101012T020000	0.943	62.615	1.192	0.0440	0.000	5.105
20101012T030000	1.101	61.755	0.856	0.0028	0.000	5.028
20101012T040000	1.509	56.643	1.203	0.0052	0.000	4.969
20101012T050000	2.305	49.755	1.293	0.0000	0.000	4.910
20101012T060000	2.525	48.898	1.249	0.0000	0.000	4.843
20101012T070000	2.446	50.358	1.164	0.0000	0.000	4.779
20101012T080000	2.036	52.958	0.875	0.0016	0.000	4.725
20101012T090000	1.973	54.693	0.902	0.0111	25.368	4.676
20101012T100000	2.578	53.965	0.965	0.0310	83.128	4.625
20101012T110000	3.426	51.580	0.969	0.0000	178.675	4.592
20101012T120000	4.093	49.310	1.076	0.0151	215.350	4.658
20101012T130000	4.602	49.178	0.967	0.0000	256.325	4.844
20101012T140000	4.382	50.730	0.873	0.0218	238.350	5.087
20101012T150000	4.496	50.470	1.078	0.0000	248.400	5.278
20101012T160000	5.769	47.200	1.128	0.0000	481.550	5.391
20101012T170000	5.280	49.683	1.162	0.0000	255.008	5.521
20101012T180000	4.431	50.733	1.444	0.0064	36.953	5.639
20101012T190000	4.071	52.030	0.748	0.0000	8.705	5.592
20101012T200000	3.406	55.335	1.016	0.0092	0.000	5.471
20101012T210000	3.413	55.933	1.111	0.0000	0.000	5.338
20101012T220000	4.003	53.638	1.061	0.0000	0.000	5.209
20101012T230000	4.495	52.805	1.114	0.0048	0.000	5.088
20101013T000000	3.869	56.473	0.709	0.0000	0.000	4.990
20101013T010000	4.723	50.845	0.970	0.0000	0.000	4.903
20101013T020000	5.456	48.953	1.138	0.0000	0.000	4.806
20101013T030000	5.422	50.988	1.420	0.0000	0.000	4.721
20101013T040000	4.419	58.275	1.180	0.0178	0.000	4.654
20101013T050000	4.245	63.430	0.879	0.0016	0.000	4.594
20101013T060000	3.357	69.120	0.451	0.0000	0.000	4.539
20101013T070000	2.024	74.600	0.609	0.0139	0.000	4.495
20101013T080000	1.371	76.118	0.528	0.0087	0.000	4.442
20101013T090000	1.192	74.118	0.656	0.0333	36.228	4.371
20101013T100000	2.147	69.233	0.779	0.0829	95.150	4.286
20101013T110000	3.195	67.320	0.462	0.0000	181.975	4.221
20101013T120000	6.232	51.005	0.339	0.0000	297.975	4.219
20101013T130000	8.662	35.698	0.731	0.0000	490.850	4.413
20101013T140000	10.380	26.015	1.449	0.0052	523.775	4.752
20101013T150000	10.845	23.838	1.477	0.0253	511.300	5.097
20101013T160000	10.755	22.850	1.256	0.0000	242.325	5.323
20101013T170000	10.210	24.828	0.986	0.0000	234.975	5.449
20101013T180000	8.401	34.310	0.979	0.0024	72.525	5.563
20101013T190000	6.162	39.743	0.811	0.0000	8.542	5.569
20101013T200000	4.746	38.655	0.959	0.0036	0.000	5.445
20101013T210000	3.897	39.440	0.837	0.0000	0.000	5.261
20101013T220000	2.849	44.810	0.795	0.0120	0.000	5.073
20101013T230000	2.811	45.723	0.813	0.0170	0.000	4.884
20101014T000000	3.312	43.345	0.887	0.0060	0.000	4.700
20101014T010000	4.050	42.775	0.764	0.0000	0.000	4.526
20101014T020000	3.796	43.443	0.828	0.0039	0.000	4.373
20101014T030000	3.320	46.503	0.753	0.0000	0.000	4.236
20101014T040000	5.928	33.870	1.257	0.0000	0.000	4.105
20101014T050000	9.489	19.928	1.408	0.0000	0.000	3.970
20101014T060000	10.418	16.173	1.445	0.0000	0.000	3.866
20101014T070000	10.290	16.365	1.458	0.0000	0.000	3.794
20101014T080000	10.370	16.173	1.760	0.0000	0.000	3.738
20101014T090000	10.153	17.270	1.717	0.0170	76.020	3.698
20101014T100000	11.020	17.308	1.897	0.0000	243.200	3.653
20101014T110000	12.265	15.590	2.406	0.1018	394.925	3.616
20101014T120000	12.720	15.845	2.400	0.0000	506.625	3.757
20101014T130000	13.138	16.080	2.267	0.0000	567.400	4.020
20101014T140000	13.633	15.565	2.173	0.0000	575.725	4.329
20101014T150000	13.680	15.820	2.066	0.0745	529.200	4.590
20101014T160000	13.395	16.960	1.765	0.0000	428.600	4.790
20101014T170000	12.525	18.638	1.358	0.0000	249.075	4.850
20101014T180000	10.795	22.780	1.236	0.0016	27.105	4.847
20101014T190000	9.555	25.825	1.175	0.0142	2.679	4.785
20101014T200000	9.378	26.070	1.061	0.0012	0.000	4.677
20101014T210000	8.688	30.918	1.116	0.0131	0.000	4.551
20101014T220000	8.455	32.325	1.118	0.0103	0.000	4.432
20101014T230000	7.377	34.898	1.053	0.0091	0.000	4.332
20101015T000000	7.692	34.605	1.289	0.0000	0.000	4.241
20101015T010000	8.109	34.790	1.657	0.0000	0.000	4.151
20101015T020000	7.165	39.623	1.175	0.0187	0.000	4.109
20101015T030000	6.844	43.333	1.114	0.0000	0.000	4.083
20101015T040000	6.449	49.985	1.204	0.0044	0.000	4.094
20101015T050000	5.146	62.655	1.148	0.0079	0.000	4.145
20101015T060000	2.800	85.353	1.010	0.7866	0.000	4.195
20101015T070000	1.179	93.375	1.010	0.0187	0.000	4.216
20101015T080000	-0.103	93.625	0.854	1.7710	0.000	4.210
20101015T090000	-2.283	99.000	0.793	0.9035	4.062	4.196
20101015T100000	-3.051	99.950	0.774	2.3647	42.063	4.174
20101015T110000	-3.041	99.275	0.651	0.6643	73.383	4.153
20101015T120000	-1.453	95.300	0.880	0.5692	234.475	4.126
20101015T130000	-0.910	93.550	0.815	0.1474	218.300	4.102
20101015T140000	-1.167	94.475	0.760	0.1343	220.500	4.096
20101015T150000	0.268	85.903	0.996	0.0536	441.375	4.089
20101015T160000	-0.106	74.060	1.050	0.0429	338.400	4.085
20101015T170000	-0.249	81.108	1.085	0.0000	127.395	4.087
20101015T180000	-1.741	80.313	0.961	0.0416	30.263	4.111
20101015T190000	-2.946	81.523	0.714	0.0269	2.774	4.138
20101015T200000	-3.592	83.288	0.407	0.0176	0.000	4.158
20101015T210000	-4.690	91.725	0.207	0.0000	0.000	4.164
20101015T220000	-5.214	93.450	0.109	0.0377	0.000	4.157
20101015T230000	-5.867	95.525	0.043	0.0000	0.000	4.139
20101016T000000	-6.165	95.825	0.017	0.0117	0.000	4.114
20101016T010000	-6.437	95.825	0.019	0.0260	0.000	4.082
20101016T020000	-6.876	96.150	0.009	0.0000	0.000	4.046
20101016T030000	-7.339	96.275	0.012	0.0041	0.000	4.007
20101016T040000	-7.381	96.050	0.099	0.0059	0.000	3.963
20101016T050000	-7.634	96.100	0.023	0.0033	0.000	3.916
20101016T060000	-7.746	96.400	0.018	0.0064	0.000	3.864
20101016T070000	-7.447	96.850	0.000	0.0384	0.000	3.809
20101016T080000	-7.175	96.100	0.000	0.0618	0.000	3.753
20101016T090000	-7.137	96.300	0.003	0.0040	49.323	3.703
20101016T100000	-4.224	79.473	0.023	0.0000	170.450	3.636
20101016T110000	-1.741	68.915	0.316	0.0085	259.950	3.560
20101016T120000	-0.450	58.168	0.606	0.0000	445.700	3.508
20101016T130000	0.963	53.630	0.649	0.0184	493.125	3.464
20101016T140000	1.540	51.495	1.029	0.0000	520.950	3.449
20101016T150000	2.127	50.673	0.989	0.0164	519.850	3.443
20101016T160000	1.749	51.568	0.566	0.0337	428.125	3.448
20101016T170000	-0.511	69.498	0.836	0.0408	236.200	3.487
20101016T180000	-1.700	81.175	0.607	0.0012	46.663	3.536
20101016T190000	-3.352	82.450	0.574	0.0024	2.487	3.578
20101016T200000	-4.573	83.025	0.280	0.0020	0.000	3.597
20101016T210000	-4.942	87.650	0.065	0.0000	0.000	3.587
20101016T220000	-5.532	91.175	0.006	0.0253	0.000	3.557
20101016T230000	-6.044	92.625	0.046	0.0000	0.000	3.520
20101017T000000	-6.217	92.050	0.082	0.0124	0.000	3.476
20101017T010000	-6.154	89.975	0.109	0.0020	0.000	3.425
20101017T020000	-6.553	87.775	0.191	0.0012	0.000	3.373
20101017T030000	-6.429	85.225	0.146	0.0067	0.000	3.323
20101017T040000	-6.409	82.725	0.194	0.0109	0.000	3.269
20101017T050000	-6.781	82.475	0.097	0.0028	0.000	3.217
20101017T060000	-7.093	83.475	0.126	0.0000	0.000	3.165
20101017T070000	-7.179	81.500	0.158	0.0028	0.000	3.113
20101017T080000	-7.244	82.000	0.180	0.0000	0.000	3.061
20101017T090000	-7.040	80.450	0.066	0.0405	59.238	3.010
20101017T100000	-4.455	70.813	0.054	0.0000	221.825	2.944
20101017T110000	0.017	51.300	0.456	0.1627	369.375	2.836
20101017T120000	2.851	41.220	0.863	0.0000	480.200	2.753
20101017T130000	4.426	37.110	0.927	0.0000	545.075	2.707
20101017T140000	5.434	34.810	0.780	0.0000	552.900	2.686
20101017T150000	5.447	32.960	0.752	0.0842	508.975	2.684
20101017T160000	4.762	35.395	1.085	0.0541	417.125	2.696
20101017T170000	1.846	48.295	0.845	0.0084	147.653	2.743
20101017T180000	-0.169	55.585	0.274	0.0372	23.163	2.808
20101017T190000	-0.554	54.805	0.318	0.0000	2.807	2.849
20101017T200000	-1.876	61.365	0.214	0.0000	0.000	2.871
20101017T210000	-2.771	65.278	0.303	0.0000	0.000	2.877
20101017T220000	-2.729	62.493	0.295	0.0000	0.000	2.860
20101017T230000	-2.713	63.133	0.304	0.0220	0.000	2.829
20101018T000000	-3.030	65.613	0.149	0.0000	0.000	2.792
20101018T010000	-3.314	68.375	0.281	0.0397	0.000	2.752
20101018T020000	-3.621	71.378	0.181	0.0000	0.000	2.712
20101018T030000	-3.422	70.180	0.179	0.0313	0.000	2.670
20101018T040000	-3.454	72.403	0.182	0.0052	0.000	2.632
20101018T050000	-2.922	70.203	0.183	0.0440	0.000	2.595
20101018T060000	-2.080	68.310	0.370	0.0000	0.000	2.556
20101018T070000	-1.637	67.330	0.488	0.0000	0.000	2.526
20101018T080000	-1.417	64.653	0.481	0.0000	0.000	2.508
20101018T090000	-1.761	66.093	0.544	0.0028	54.146	2.503
20101018T100000	0.765	55.035	0.622	0.0000	204.100	2.485
20101018T110000	3.594	48.533	0.832	0.0609	312.250	2.436
20101018T120000	6.252	41.385	1.031	0.0000	372.825	2.400
20101018T130000	6.811	40.143	1.185	0.0000	468.225	2.396
20101018T140000	7.137	40.985	0.958	0.0296	397.475	2.412
20101018T150000	7.395	41.323	0.992	0.0125	494.925	2.447
20101018T160000	7.479	42.430	1.048	0.0000	405.425	2.479
20101018T170000	5.543	50.488	1.096	0.0464	175.450	2.537
20101018T180000	5.108	52.805	1.093	0.0000	75.770	2.597
20101018T190000	3.790	58.093	0.804	0.0020	8.648	2.660
20101018T200000	2.624	63.703	0.525	0.0204	0.000	2.708
20101018T210000	1.225	71.885	0.278	0.0109	0.000	2.738
20101018T220000	0.996	74.408	0.154	0.0000	0.000	2.755
20101018T230000	0.812	76.168	0.369	0.0012	0.000	2.764
20101019T000000	1.671	72.093	0.718	0.0000	0.000	2.768
20101019T010000	0.461	76.085	0.243	0.0212	0.000	2.770
20101019T020000	0.251	79.080	0.120	0.0000	0.000	2.766
20101019T030000	0.638	77.185	0.172	0.0004	0.000	2.751
20101019T040000	0.308	79.403	0.225	0.0000	0.000	2.736
20101019T050000	0.354	79.253	0.805	0.0065	0.000	2.723
20101019T060000	3.025	66.703	1.131	0.0000	0.000	2.702
20101019T070000	3.744	64.160	1.152	0.0000	0.000	2.670
20101019T080000	3.753	65.333	0.492	0.0012	0.343	2.656
20101019T090000	3.894	65.308	0.676	0.0000	12.068	2.653
20101019T100000	4.318	63.253	1.238	0.0485	50.705	2.659
20101019T110000	4.774	62.293	1.305	0.0276	149.775	2.667
20101019T120000	5.917	58.148	1.374	0.0000	294.875	2.690
20101019T130000	7.643	52.043	1.271	0.0000	493.775	2.750
20101019T140000	9.193	48.123	1.152	0.2007	556.700	2.819
20101019T150000	9.243	48.385	1.263	0.0088	497.425	2.894
20101019T160000	8.364	52.030	1.061	0.0185	397.375	2.991
20101019T170000	6.541	58.415	0.733	0.0084	89.098	3.078
20101019T180000	4.971	65.158	1.045	0.0444	29.675	3.132
20101019T190000	3.216	72.625	0.999	0.0145	1.128	3.142
20101019T200000	1.699	78.845	0.836	0.0116	0.000	3.127
20101019T210000	2.228	75.363	0.777	0.0000	0.000	3.091
20101019T220000	3.225	68.118	0.780	0.0000	0.000	3.039
20101019T230000	3.565	66.255	0.776	0.0012	0.000	2.984
20101020T000000	1.773	74.045	0.634	0.0108	0.000	2.938
20101020T010000	1.468	76.298	0.756	0.0000	0.000	2.887
20101020T020000	0.958	78.558	0.803	0.0000	0.000	2.834
20101020T030000	0.533	79.975	0.700	0.0000	0.000	2.777
20101020T040000	0.100	80.760	0.592	0.0000	0.000	2.719
20101020T050000	0.200	80.675	0.173	0.0408	0.000	2.660
20101020T060000	0.335	80.093	0.205	0.0237	0.000	2.605
20101020T070000	1.865	72.955	0.431	0.0000	0.000	2.548
20101020T080000	1.138	76.125	0.175	0.0024	0.000	2.499
20101020T090000	2.212	70.295	0.505	0.0097	17.319	2.456
20101020T100000	3.811	63.688	0.584	0.0705	99.350	2.401
20101020T110000	5.654	57.620	0.704	0.0000	358.850	2.338
20101020T120000	9.125	46.945	0.859	0.0288	457.675	2.265
20101020T130000	10.398	41.885	1.404	0.0000	506.125	2.246
20101020T140000	11.390	36.483	1.174	0.0000	514.575	2.287
20101020T150000	11.378	35.803	1.294	0.0617	489.250	2.394
20101020T160000	10.908	37.220	1.184	0.0204	349.875	2.556
20101020T170000	9.588	41.498	1.128	0.0072	111.300	2.679
20101020T180000	8.333	46.185	0.899	0.0349	51.625	2.783
20101020T190000	8.211	46.470	0.675	0.0000	2.569	2.852
20101020T200000	6.755	51.488	0.571	0.0016	0.000	2.862
20101020T210000	6.221	53.805	0.365	0.0092	0.000	2.849
20101020T220000	6.164	54.690	0.470	0.0060	0.000	2.825
20101020T230000	6.758	53.375	0.382	0.0000	0.000	2.794
20101021T000000	5.602	59.285	0.164	0.0088	0.000	2.763
20101021T010000	3.966	65.063	0.175	0.0077	0.000	2.739
20101021T020000	3.578	66.630	0.276	0.0120	0.000	2.706
20101021T030000	3.337	68.320	0.278	0.0060	0.000	2.662
20101021T040000	3.053	70.260	0.127	0.0020	0.000	2.616
20101021T050000	2.448	72.265	0.179	0.0068	0.000	2.571
20101021T060000	2.187	73.773	0.189	0.0020	0.000	2.526
20101021T070000	1.748	75.580	0.244	0.0000	0.000	2.482
20101021T080000	1.303	77.183	0.744	0.0048	0.000	2.439
20101021T090000	1.187	78.555	0.838	0.0000	9.234	2.397
20101021T100000	2.463	72.678	0.765	0.0240	184.775	2.347
20101021T110000	6.727	56.483	0.254	0.0000	335.600	2.255
20101021T120000	9.843	48.425	0.136	0.0016	442.000	2.183
20101021T130000	11.470	43.913	0.751	0.0000	507.050	2.163
20101021T140000	12.425	38.890	1.436	0.0000	518.475	2.220
20101021T150000	12.750	37.530	1.092	0.0881	474.400	2.370
20101021T160000	12.073	38.605	0.615	0.0000	369.700	2.582
20101021T170000	8.031	51.935	0.279	0.0285	27.698	2.730
20101021T180000	5.624	60.920	0.198	0.0000	16.438	2.791
20101021T190000	4.551	62.380	0.472	0.0008	0.000	2.786
20101021T200000	4.070	64.065	0.299	0.0128	0.000	2.760
20101021T210000	4.454	60.355	0.177	0.0249	0.000	2.718
20101021T220000	5.194	57.388	0.251	0.0196	0.000	2.662
20101021T230000	3.376	66.015	0.157	0.0000	0.000	2.610
20101022T000000	2.681	69.393	0.118	0.0000	0.000	2.563
20101022T010000	2.098	72.890	0.069	0.0000	0.000	2.514
20101022T020000	2.144	73.200	0.101	0.0096	0.000	2.464
20101022T030000	1.852	74.763	0.014	0.0000	0.000	2.417
20101022T040000	1.186	75.840	0.013	0.0000	0.000	2.376
20101022T050000	0.620	77.943	0.008	0.0000	0.000	2.336
20101022T060000	0.040	80.940	0.012	0.0028	0.000	2.297
20101022T070000	-0.679	84.575	0.004	0.0000	0.000	2.261
20101022T080000	-0.914	86.375	0.022	0.0016	0.000	2.225
20101022T090000	-0.827	87.750	0.000	0.0196	12.653	2.187
20101022T100000	-0.125	86.400	0.248	0.1422	48.915	2.145
20101022T110000	1.478	81.893	0.667	0.0000	234.420	2.099
20101022T120000	7.429	58.185	0.471	0.0000	383.700	2.010
20101022T130000	8.266	55.880	1.044	0.0625	233.250	1.964
20101022T140000	9.815	49.688	1.144	0.0000	287.000	1.963
20101022T150000	10.100	46.478	1.179	0.1001	230.450	2.061
20101022T160000	9.743	46.425	1.101	0.0000	151.300	2.317
20101022T170000	9.233	47.768	1.213	0.0000	84.635	2.626
20101022T180000	7.936	54.175	1.229	0.0060	20.245	2.892
20101022T190000	6.851	54.380	1.121	0.0072	0.000	3.046
20101022T200000	6.075	54.290	1.120	0.0028	0.000	3.034
20101022T210000	5.527	58.183	1.072	0.0172	0.000	2.966
20101022T220000	5.129	61.290	0.975	0.0000	0.000	2.899
20101022T230000	4.785	60.335	1.115	0.0000	0.000	2.862
20101023T000000	4.211	62.928	0.851	0.0273	0.000	2.837
20101023T010000	2.552	67.948	0.645	0.0000	0.000	2.815
20101023T020000	0.964	71.620	0.262	0.0000	0.000	2.782
20101023T030000	0.146	75.675	0.139	0.0000	0.000	2.724
20101023T040000	-0.243	77.718	0.136	0.0000	0.000	2.653
20101023T050000	0.116	77.950	0.060	0.0761	0.000	2.576
20101023T060000	0.118	77.725	0.423	0.0000	0.000	2.508
20101023T070000	-0.333	80.543	0.091	0.0000	0.000	2.454
20101023T080000	-0.836	82.900	0.011	0.0000	0.000	2.403
20101023T090000	-0.835	83.725	0.018	0.0512	35.283	2.353
20101023T100000	0.069	81.748	0.664	0.1515	114.050	2.299
20101023T110000	2.725	71.863	0.898	0.0000	283.700	2.227
20101023T120000	5.393	60.940	0.993	0.0000	418.500	2.154
20101023T130000	5.714	59.600	1.033	0.0505	371.975	2.135
20101023T140000	6.741	50.980	1.212	0.0140	226.850	2.220
20101023T150000	6.800	50.600	1.133	0.0000	375.700	2.452
20101023T160000	6.760	49.045	1.232	0.0293	245.250	2.645
20101023T170000	5.425	54.975	1.167	0.0468	80.050	2.801
20101023T180000	5.003	58.150	1.197	0.0000	31.410	2.876
20101023T190000	3.413	69.615	1.113	0.0100	0.000	2.927
20101023T200000	2.191	75.813	0.367	0.0000	0.000	2.930
20101023T210000	1.957	78.615	0.132	0.0265	0.000	2.893
20101023T220000	1.771	81.725	0.010	0.0000	0.000	2.862
20101023T230000	0.914	84.375	0.092	0.0293	0.000	2.842
20101024T000000	0.213	86.650	0.001	0.0000	0.000	2.816
20101024T010000	-0.050	88.625	0.003	0.0004	0.000	2.779
20101024T020000	-0.276	90.325	0.017	0.0116	0.000	2.733
20101024T030000	-0.357	90.875	0.084	0.0104	0.000	2.681
20101024T040000	-0.728	91.100	0.031	0.0000	0.000	2.624
20101024T050000	-0.377	89.500	0.052	0.0921	0.000	2.562
20101024T060000	-0.150	86.800	0.064	0.0661	0.000	2.505
20101024T070000	0.048	83.875	0.164	0.0000	0.000	2.459
20101024T080000	0.040	80.705	0.073	0.0024	0.000	2.426
20101024T090000	-0.216	80.250	0.033	0.0000	8.729	2.396
20101024T100000	1.131	72.163	0.124	0.0753	40.895	2.363
20101024T110000	1.754	73.363	0.100	0.0000	62.893	2.327
20101024T120000	1.809	77.448	0.735	0.0064	84.225	2.312
20101024T130000	2.291	76.065	0.881	0.0517	109.800	2.333
20101024T140000	2.758	76.465	1.066	0.0012	112.000	2.443
20101024T150000	2.607	78.638	1.111	0.0000	114.650	2.626
20101024T160000	3.055	76.515	1.199	0.0020	88.300	2.811
20101024T170000	3.160	75.358	1.150	0.0000	132.775	2.967
20101024T180000	3.612	69.073	0.678	0.0000	63.553	3.104
20101024T190000	2.462	69.043	0.082	0.0000	1.241	3.229
20101024T200000	0.642	73.913	0.082	0.0032	0.000	3.247
20101024T210000	-0.399	75.570	0.053	0.0000	0.000	3.178
20101024T220000	-0.782	76.760	0.020	0.0056	0.000	3.077
20101024T230000	-0.976	76.235	0.044	0.0000	0.000	2.969
20101025T000000	-1.729	81.488	0.005	0.0109	0.000	2.870
20101025T010000	-1.644	84.100	0.004	0.0296	0.000	2.772
20101025T020000	-1.546	85.075	0.000	0.0056	0.000	2.682
20101025T030000	-2.081	90.275	0.039	0.0000	0.000	2.611
20101025T040000	-2.099	96.900	0.079	0.2051	0.000	2.542
20101025T050000	-2.471	98.175	0.031	0.2141	0.000	2.489
20101025T060000	-2.682	98.225	0.004	0.1756	0.000	2.452
20101025T070000	-2.742	98.125	0.060	0.0991	0.000	2.426
20101025T080000	-2.974	98.125	0.014	0.0156	0.000	2.408
20101025T090000	-3.330	98.650	0.010	0.0000	13.738	2.394
20101025T100000	-3.057	97.800	0.010	0.1135	72.980	2.373
20101025T110000	-1.449	93.325	0.390	0.1307	115.725	2.333
20101025T120000	0.207	89.100	0.695	0.0000	141.575	2.297
20101025T130000	0.367	86.475	0.709	0.0221	132.150	2.284
20101025T140000	0.586	83.475	0.994	0.0004	107.025	2.335
20101025T150000	0.693	80.028	0.981	0.0000	82.525	2.468
20101025T160000	0.714	78.688	1.179	0.0000	57.978	2.624
20101025T170000	0.343	81.765	0.862	0.0000	41.800	2.748
20101025T180000	-0.249	84.400	0.381	0.0044	22.373	2.816
20101025T190000	-1.242	90.550	0.897	0.0060	0.000	2.843
20101025T200000	-2.331	95.175	0.619	0.0145	0.000	2.829
20101025T210000	-2.468	96.225	0.418	0.0000	0.000	2.783
20101025T220000	-2.964	98.700	0.268	0.0754	0.000	2.736
20101025T230000	-3.149	99.600	0.199	0.1808	0.000	2.689
20101026T000000	-3.305	99.700	0.242	0.0719	0.000	2.645
20101026T010000	-3.432	99.225	0.247	0.0000	0.000	2.611
20101026T020000	-3.698	99.025	0.219	0.0433	0.000	2.586
20101026T030000	-3.755	99.200	0.419	0.0662	0.000	2.561
20101026T040000	-3.623	99.650	0.422	0.0389	0.000	2.537
20101026T050000	-3.719	99.975	0.413	0.0157	0.000	2.517
20101026T060000	-3.902	100.000	0.282	0.0144	0.000	2.496
20101026T070000	-4.282	100.000	0.207	0.0061	0.000	2.473
20101026T080000	-4.083	100.000	0.098	0.0276	0.000	2.440
20101026T090000	-3.766	99.900	0.281	0.0779	6.514	2.405
20101026T100000	-3.110	98.875	0.386	0.1297	35.703	2.370
20101026T110000	-1.959	94.875	0.321	0.0269	65.040	2.336
20101026T120000	-1.615	94.625	0.726	0.0469	85.875	2.317
20101026T130000	-1.502	94.025	0.711	0.0000	132.200	2.318
20101026T140000	-1.130	92.300	0.592	0.1064	108.925	2.349
20101026T150000	-0.803	92.025	0.737	0.0000	119.825	2.465
20101026T160000	-1.413	93.375	0.568	0.0000	88.313	2.634
20101026T170000	-1.828	94.175	0.152	0.0000	58.123	2.806
20101026T180000	-1.702	94.350	0.029	0.0000	18.408	2.895
20101026T190000	-2.467	96.850	0.079	0.0061	0.066	2.907
20101026T200000	-2.931	98.675	0.059	0.0080	0.000	2.874
20101026T210000	-3.229	99.350	0.009	0.0008	0.000	2.827
20101026T220000	-3.333	99.100	0.022	0.0172	0.000	2.776
20101026T230000	-3.024	98.850	0.017	0.0366	0.000	2.714
20101027T000000	-2.939	98.675	0.027	0.0000	0.000	2.648
20101027T010000	-2.983	98.775	0.005	0.0317	0.000	2.589
20101027T020000	-2.922	98.500	0.003	0.0000	0.000	2.527
20101027T030000	-2.898	98.375	0.015	0.0000	0.000	2.467
20101027T040000	-3.192	98.475	0.031	0.0000	0.000	2.413
20101027T050000	-3.088	98.375	0.045	0.0249	0.000	2.358
20101027T060000	-3.115	98.100	0.010	0.0000	0.000	2.308
20101027T070000	-3.318	97.850	0.005	0.0068	0.000	2.263
20101027T080000	-3.910	98.400	0.001	0.0028	0.000	2.221
20101027T090000	-4.005	98.325	0.035	0.0799	24.296	2.175
20101027T100000	-2.937	96.050	0.079	0.1939	60.548	2.117
20101027T110000	-0.243	84.650	0.500	0.0000	164.450	2.042
20101027T120000	2.444	63.645	0.897	0.0000	273.425	1.971
20101027T130000	2.049	56.008	1.078	0.0762	227.725	1.943
20101027T140000	3.025	51.223	1.146	0.0000	538.750	1.949
20101027T150000	3.567	47.273	1.196	0.1838	378.900	1.991
20101027T160000	2.564	51.245	1.112	0.0068	314.375	2.125
20101027T170000	1.556	55.438	0.988	0.0346	94.060	2.251
20101027T180000	0.131	62.873	0.865	0.0000	15.291	2.347
20101027T190000	-1.648	71.258	0.624	0.0000	0.000	2.372
20101027T200000	-2.660	76.880	0.271	0.0000	0.000	2.346
20101027T210000	-2.729	77.265	0.232	0.0357	0.000	2.287
20101027T220000	-2.362	73.273	0.237	0.0924	0.000	2.216
20101027T230000	-2.105	69.113	0.374	0.0000	0.000	2.147
20101028T000000	-1.644	65.978	0.395	0.0538	0.000	2.081
20101028T010000	-1.591	67.258	0.483	0.0000	0.000	2.022
20101028T020000	-1.325	61.610	0.747	0.0008	0.000	1.973
20101028T030000	-1.509	61.975	0.599	0.0000	0.000	1.926
20101028T040000	-2.235	66.403	0.394	0.0000	0.000	1.884
20101028T050000	-3.565	74.903	0.169	0.0048	0.000	1.852
20101028T060000	-4.117	78.538	0.020	0.0000	0.000	1.814
20101028T070000	-4.676	82.000	0.002	0.0000	0.000	1.774
20101028T080000	-5.248	84.325	0.001	0.0000	0.000	1.735
20101028T090000	-5.511	86.600	0.000	0.0000	19.702	1.693
20101028T100000	-4.637	85.900	0.004	0.2159	88.275	1.641
20101028T110000	-2.865	78.068	0.133	0.0000	166.550	1.579
20101028T120000	-1.942	76.065	0.553	0.0000	177.925	1.529
20101028T130000	-0.408	67.555	0.891	0.0000	257.875	1.490
20101028T140000	1.157	58.075	0.975	0.0000	217.475	1.460
20101028T150000	1.661	56.488	1.112	0.0000	179.050	1.445
20101028T160000	1.327	62.515	1.188	0.0289	132.225	1.442
20101028T170000	1.473	62.565	1.063	0.0165	83.880	1.445
20101028T180000	0.824	65.810	1.115	0.0000	26.950	1.456
20101028T190000	-0.471	73.618	0.863	0.0000	0.000	1.477
20101028T200000	-1.353	77.993	0.888	0.0000	0.000	1.498
20101028T210000	-1.831	80.308	0.576	0.0177	0.000	1.516
20101028T220000	-1.898	83.000	0.420	0.0200	0.000	1.531
20101028T230000	-1.820	82.850	0.370	0.0225	0.000	1.538
20101029T000000	-1.831	83.950	0.415	0.0305	0.000	1.543
20101029T010000	-1.434	83.425	0.626	0.0016	0.000	1.545
20101029T020000	-1.341	83.700	0.777	0.0000	0.000	1.547
20101029T030000	-1.349	83.275	0.793	0.0000	0.000	1.551
20101029T040000	-1.873	85.100	0.533	0.0000	0.000	1.557
20101029T050000	-2.260	87.050	0.317	0.0000	0.000	1.561
20101029T060000	-2.582	88.250	0.354	0.0000	0.000	1.563
20101029T070000	-2.590	88.550	0.406	0.0000	0.000	1.558
20101029T080000	-2.534	88.075	0.403	0.0000	0.000	1.551
20101029T090000	-2.732	88.100	0.342	0.0184	4.995	1.545
20101029T100000	-2.310	86.000	0.389	0.1401	98.060	1.532
20101029T110000	1.056	66.508	0.764	0.0000	265.950	1.490
20101029T120000	2.022	53.568	1.036	0.0943	110.175	1.457
20101029T130000	2.080	52.205	0.972	0.0000	181.150	1.455
20101029T140000	2.619	50.628	0.974	0.0004	178.850	1.440
20101029T150000	2.274	49.023	1.067	0.0000	250.075	1.438
20101029T160000	2.738	44.958	1.047	0.0317	218.575	1.441
20101029T170000	1.199	50.448	1.030	0.0000	47.895	1.460
20101029T180000	-0.647	60.033	0.142	0.0080	16.901	1.486
20101029T190000	-1.859	68.228	0.199	0.0000	0.000	1.510
20101029T200000	-2.647	70.985	0.370	0.0000	0.000	1.526
20101029T210000	-2.969	72.060	0.267	0.0109	0.000	1.528
20101029T220000	-3.240	72.608	0.212	0.0092	0.000	1.519
20101029T230000	-3.405	73.163	0.235	0.0831	0.000	1.501
20101030T000000	-2.428	68.158	0.518	0.0108	0.000	1.475
20101030T010000	-1.639	63.030	0.764	0.0000	0.000	1.441
20101030T020000	-2.098	64.168	0.659	0.0000	0.000	1.409
20101030T030000	-3.100	70.325	0.286	0.0000	0.000	1.384
20101030T040000	-3.052	69.203	0.287	0.0449	0.000	1.357
20101030T050000	-3.327	70.373	0.227	0.0000	0.000	1.325
20101030T060000	-4.129	74.975	0.092	0.0000	0.000	1.297
20101030T070000	-4.827	79.273	0.215	0.0393	0.000	1.267
20101030T080000	-5.280	81.700	0.170	0.0000	0.000	1.235
20101030T090000	-5.285	83.550	0.086	0.0165	18.844	1.201
20101030T100000	-4.280	79.375	0.041	0.1312	160.625	1.161
20101030T110000	-0.730	63.150	0.402	0.0000	301.225	1.087
20101030T120000	2.602	48.973	0.537	0.0000	407.225	1.011
20101030T130000	3.733	43.878	0.916	0.0000	475.275	0.974
20101030T140000	4.883	37.355	0.982	0.0000	482.500	0.953
20101030T150000	3.711	34.210	1.570	0.1462	437.300	0.943
20101030T160000	2.771	36.155	1.261	0.0000	220.280	0.957
20101030T170000	1.328	38.425	0.870	0.0422	25.140	0.981
20101030T180000	-0.349	47.583	0.407	0.0112	11.211	1.000
20101030T190000	-1.580	54.930	0.374	0.0000	0.000	1.012
20101030T200000	0.498	45.380	1.144	0.0000	0.000	1.001
20101030T210000	-0.187	51.680	0.731	0.0048	0.000	0.980
20101030T220000	-2.125	61.565	0.160	0.0205	0.000	0.974
20101030T230000	-2.669	65.430	0.160	0.0201	0.000	0.965
20101031T000000	-2.773	68.853	0.172	0.0004	0.000	0.949
20101031T010000	-2.867	72.065	0.173	0.0000	0.000	0.931
20101031T020000	-2.739	74.290	0.246	0.0578	0.000	0.910
20101031T030000	-1.269	73.243	0.773	0.0000	0.000	0.883
20101031T040000	1.490	67.435	0.880	0.0000	0.000	0.846
20101031T050000	2.656	64.465	1.242	0.0000	0.000	0.811
20101031T060000	2.709	64.320	1.084	0.0000	0.000	0.792
20101031T070000	2.139	66.523	0.750	0.0156	0.000	0.787
20101031T080000	0.749	72.158	0.248	0.0000	0.000	0.792
20101031T090000	0.233	75.583	0.109	0.0092	2.665	0.798
20101031T100000	1.434	71.845	0.536	0.0073	24.043	0.796
20101031T110000	3.027	63.915	0.526	0.0088	70.403	0.784
20101031T120000	4.011	57.668	0.844	0.0831	110.750	0.770
20101031T130000	4.108	56.848	1.157	0.0000	111.875	0.764
20101031T140000	5.368	51.855	1.039	0.0000	376.675	0.754
20101031T150000	5.171	53.230	0.965	0.1329	173.625	0.739
20101031T160000	4.338	56.193	0.726	0.0377	142.300	0.754
20101031T170000	4.042	54.873	0.722	0.0064	62.260	0.767
20101031T180000	3.464	56.043	0.782	0.0000	14.071	0.782
20101031T190000	2.861	58.853	0.514	0.0213	0.000	0.798
20101031T200000	2.559	61.960	0.666	0.0353	0.000	0.811
20101031T210000	2.983	53.960	0.865	0.0176	0.000	0.820
20101031T220000	2.798	53.115	1.055	0.0000	0.000	0.829
20101031T230000	2.485	52.973	1.613	0.0000	0.000	0.841