datetime	t 	rh 	u 	p 	Qsi 	T_g 
20101002T000000	9.753	60.100	1.098	0.0000	0.000	6.079
20101002T010000	8.075	65.463	1.174	0.0020	0.000	5.963
20101002T020000	7.051	68.433	1.093	0.0247	0.000	5.840
20101002T030000	6.815	67.978	1.134	0.0071	0.000	5.717
20101002T040000	6.555	71.548	1.220	0.0031	0.000	5.598
20101002T050000	6.588	70.968	1.141	0.0259	0.000	5.493
20101002T060000	7.033	69.235	1.081	0.0035	0.000	5.397
20101002T070000	6.377	70.848	1.155	0.0000	0.000	5.308
20101002T080000	5.794	74.505	1.248	0.0000	2.868	5.222
20101002T090000	6.519	73.540	1.235	0.0780	129.793	5.134
20101002T100000	10.345	63.350	1.039	0.0000	301.300	5.015
20101002T110000	15.298	49.785	1.279	0.0553	449.525	4.975
20101002T120000	17.133	44.178	1.145	0.0000	564.325	5.360
20101002T130000	19.185	37.153	1.160	0.0000	632.125	5.898
20101002T140000	19.885	29.198	1.276	0.0000	644.525	6.432
20101002T150000	20.178	28.490	1.327	0.0122	602.125	6.818
20101002T160000	19.783	29.615	1.370	0.0137	511.375	7.098
20101002T170000	17.905	35.370	1.252	0.0000	380.825	7.174
20101002T180000	15.005	41.570	1.140	0.0542	101.675	7.196
20101002T190000	12.918	48.378	1.035	0.0306	11.680	7.122
20101002T200000	12.318	49.925	0.992	0.0200	0.000	6.976
20101002T210000	11.613	53.513	1.150	0.0298	0.000	6.808
20101002T220000	12.140	52.550	1.219	0.0036	0.000	6.645
20101002T230000	10.335	59.275	1.162	0.0000	0.000	6.507