datetime	t 	rh 	u 	p 	Qsi 	T_g
20101002T000000	9.670	53.078	1.747	0.0000	6.142	5.532
20101002T010000	9.668	53.100	1.727	0.0020	6.142	5.384
20101002T020000	9.315	54.670	1.708	0.0249	6.142	5.276
20101002T030000	10.160	51.035	1.543	0.0071	6.142	5.144
20101002T040000	9.790	53.195	1.889	0.0031	6.142	5.120
20101002T050000	8.853	54.705	1.599	0.0261	6.142	5.110
20101002T060000	9.395	55.385	1.950	0.0035	6.142	4.971
20101002T070000	8.772	56.033	1.218	0.0000	6.142	4.999
20101002T080000	7.612	60.103	1.359	0.0000	6.236	4.885
20101002T090000	11.595	47.565	1.272	0.0785	38.659	4.591
20101002T100000	13.620	44.043	1.073	0.0000	286.568	4.776
20101002T110000	15.995	37.365	0.939	0.0557	508.329	5.116
20101002T120000	16.768	34.385	1.196	0.0000	644.327	5.679
20101002T130000	17.773	31.720	1.444	0.0000	744.954	6.326
20101002T140000	18.773	30.148	1.455	0.0000	781.592	6.930
20101002T150000	19.608	27.750	1.022	0.0123	681.186	7.269
20101002T160000	20.050	23.745	1.293	0.0138	631.903	7.530
20101002T170000	19.535	24.345	1.121	0.0000	337.056	7.749
20101002T180000	15.950	33.100	0.800	0.0546	39.357	7.915
20101002T190000	11.978	43.610	1.017	0.0308	21.556	7.601
20101002T200000	11.375	44.388	1.003	0.0201	6.737	7.149
20101002T210000	11.065	47.648	0.858	0.0300	6.142	6.784
20101002T220000	10.508	52.000	0.923	0.0036	6.142	6.503
20101002T230000	9.990	55.278	1.163	0.0000	6.142	6.256
20101003T000000	8.635	60.100	1.101	0.0541	6.142	6.057
20101003T010000	8.618	60.795	1.296	0.0000	6.142	5.831
20101003T020000	8.970	59.688	1.594	0.0000	6.142	5.609
20101003T030000	8.750	61.988	1.444	0.0083	6.142	5.491
20101003T040000	7.477	66.668	1.281	0.0000	6.142	5.368
20101003T050000	7.130	64.265	1.041	0.0127	6.142	5.202
20101003T060000	6.842	64.368	0.907	0.0000	6.142	5.063
20101003T070000	6.990	64.635	0.806	0.0000	6.142	4.959
20101003T080000	6.524	69.703	0.865	0.0446	7.803	4.908
20101003T090000	7.830	63.650	1.454	0.0889	41.604	4.783
20101003T100000	7.690	68.435	0.984	0.0000	93.170	4.967
20101003T110000	9.461	63.825	0.613	0.0000	387.956	5.135
20101003T120000	11.750	56.553	0.861	0.0000	592.000	5.756
20101003T130000	13.713	50.805	0.912	0.0458	498.092	6.590
20101003T140000	14.933	47.835	1.612	0.0000	674.816	7.105
20101003T150000	16.578	43.525	1.489	0.0837	604.139	7.458
20101003T160000	17.265	39.620	2.077	0.0079	477.871	7.830
20101003T170000	16.380	43.705	1.372	0.0000	317.660	8.340
20101003T180000	14.450	48.725	0.755	0.0047	92.970	8.638
20101003T190000	13.175	54.725	0.764	0.0411	41.867	8.468
20101003T200000	12.165	59.583	0.507	0.0111	6.408	8.223
20101003T210000	11.603	61.835	0.719	0.0115	6.142	7.964
20101003T220000	10.883	65.715	0.928	0.0289	6.142	7.790
20101003T230000	10.550	69.388	0.763	0.0103	6.142	7.660
20101004T000000	10.053	72.578	1.099	0.0158	6.142	7.513
20101004T010000	9.873	72.045	1.061	0.0095	6.142	7.409
20101004T020000	9.080	75.390	0.666	0.0000	6.142	7.337
20101004T030000	8.520	79.270	0.687	0.0071	6.142	7.191
20101004T040000	8.858	78.018	0.868	0.0000	6.142	7.079
20101004T050000	8.303	81.200	0.656	0.0095	6.142	7.022
20101004T060000	7.753	88.850	0.939	0.0064	6.142	6.957
20101004T070000	7.293	87.350	0.745	0.0000	6.142	6.890
20101004T080000	6.942	86.725	0.646	0.0012	6.142	6.784
20101004T090000	7.528	80.850	0.925	0.0502	37.700	6.687
20101004T100000	8.875	74.703	0.806	0.0177	114.899	6.679
20101004T110000	9.153	73.898	0.747	0.0028	113.476	6.888
20101004T120000	11.065	65.800	0.696	0.0000	335.630	7.086
20101004T130000	12.755	59.250	0.832	0.0000	460.662	7.598
20101004T140000	13.900	52.475	1.058	0.0104	625.089	8.110
20101004T150000	14.570	39.338	1.352	0.0000	552.447	8.543
20101004T160000	14.828	39.515	1.250	0.0000	531.751	8.745
20101004T170000	14.033	42.083	1.025	0.0000	299.404	8.990
20101004T180000	12.115	51.005	0.528	0.0051	104.240	9.005
20101004T190000	8.923	63.490	0.697	0.0277	28.981	8.765
20101004T200000	6.902	66.533	0.916	0.0067	6.565	8.255
20101004T210000	6.850	64.430	0.851	0.0050	6.142	7.728
20101004T220000	7.450	66.300	0.942	0.0000	6.142	7.339
20101004T230000	6.967	71.583	0.443	0.0639	6.142	7.125
20101005T000000	5.742	85.350	0.431	1.0119	6.142	7.017
20101005T010000	4.754	94.600	0.348	0.8850	6.142	6.866
20101005T020000	4.584	95.250	0.115	0.0000	6.142	6.740
20101005T030000	4.552	96.950	0.363	0.0479	6.142	6.636
20101005T040000	3.238	97.725	0.754	0.8100	6.142	6.603
20101005T050000	2.346	96.450	0.605	0.1123	6.142	6.493
20101005T060000	1.860	96.225	0.864	0.0139	6.142	6.357
20101005T070000	1.257	97.800	0.572	0.0440	6.142	6.228
20101005T080000	0.874	98.200	0.387	0.0000	6.346	6.110
20101005T090000	2.399	92.025	0.455	0.0080	36.641	5.866
20101005T100000	4.799	83.750	0.618	0.1334	218.934	5.719
20101005T110000	6.510	75.343	0.789	0.0000	370.239	5.807
20101005T120000	8.240	62.558	1.013	0.0913	610.510	6.050
20101005T130000	9.240	57.720	0.930	0.0000	719.916	6.476
20101005T140000	10.770	44.858	0.966	0.0000	756.618	6.937
20101005T150000	11.985	34.380	1.188	0.0000	671.235	7.172
20101005T160000	12.885	29.318	1.081	0.0000	567.977	7.282
20101005T170000	12.583	28.960	1.160	0.0000	285.091	7.389
20101005T180000	9.234	38.683	0.933	0.0325	28.667	7.447
20101005T190000	7.105	36.903	0.899	0.0195	17.281	7.059
20101005T200000	7.274	33.473	1.167	0.0000	6.142	6.566
20101005T210000	6.376	40.648	0.960	0.0000	6.142	6.209
20101005T220000	6.474	43.208	1.359	0.0278	6.142	5.859
20101005T230000	6.075	46.675	1.459	0.0071	6.142	5.656
20101006T000000	4.931	52.943	0.979	0.0000	6.142	5.527
20101006T010000	4.563	53.460	1.446	0.0218	6.142	5.312
20101006T020000	5.772	46.388	1.468	0.0000	6.142	5.094
20101006T030000	5.489	46.938	1.559	0.0112	6.142	4.995
20101006T040000	5.606	46.010	1.638	0.0107	6.142	4.869
20101006T050000	5.368	47.328	1.725	0.0040	6.142	4.748
20101006T060000	5.583	45.833	1.721	0.0000	6.142	4.633
20101006T070000	4.571	51.545	1.315	0.0000	6.142	4.566
20101006T080000	3.462	59.243	1.235	0.0023	6.644	4.418
20101006T090000	7.517	46.443	0.297	0.1005	34.809	4.094
20101006T100000	10.508	37.530	0.830	0.0000	274.651	4.225
20101006T110000	12.445	34.280	1.127	0.0000	476.001	4.547
20101006T120000	13.548	36.003	1.057	0.0000	607.087	5.053
20101006T130000	15.090	35.188	0.850	0.0000	701.375	5.730
20101006T140000	16.783	30.320	1.261	0.0000	737.031	6.403
20101006T150000	16.875	29.048	1.717	0.0000	636.372	6.746
20101006T160000	17.470	28.688	1.531	0.0040	553.619	6.927
20101006T170000	18.040	28.343	1.066	0.0000	265.882	7.121
20101006T180000	13.513	45.748	0.837	0.0758	27.082	7.372
20101006T190000	10.443	55.305	1.006	0.0134	15.257	7.111
20101006T200000	9.608	56.463	0.846	0.0000	6.142	6.769
20101006T210000	8.595	58.810	1.018	0.0000	6.142	6.467
20101006T220000	8.143	58.525	1.193	0.0000	6.142	6.191
20101006T230000	8.369	56.925	1.265	0.0190	6.142	5.926
20101007T000000	8.041	56.095	0.903	0.0250	6.142	5.729
20101007T010000	8.299	55.413	1.225	0.0000	6.142	5.512
20101007T020000	6.931	58.210	1.009	0.0055	6.142	5.378
20101007T030000	6.439	60.383	1.106	0.0043	6.142	5.182
20101007T040000	5.954	62.163	1.085	0.0032	6.142	4.994
20101007T050000	5.760	62.315	0.988	0.0135	6.142	4.807
20101007T060000	5.677	63.190	1.065	0.0000	6.142	4.646
20101007T070000	5.391	63.808	1.128	0.0075	6.142	4.521
20101007T080000	5.395	62.260	0.910	0.0000	6.158	4.404
20101007T090000	9.261	51.923	0.612	0.0959	27.644	4.126
20101007T100000	12.373	44.078	0.516	0.0000	247.933	4.267
20101007T110000	13.650	44.235	0.706	0.0000	462.500	4.630
20101007T120000	14.758	42.445	0.837	0.0000	596.216	5.212
20101007T130000	15.660	38.058	1.033	0.0000	681.725	5.947
20101007T140000	17.003	27.683	1.022	0.0000	714.497	6.592
20101007T150000	17.743	27.453	1.159	0.0011	591.683	6.937
20101007T160000	17.565	30.453	2.150	0.0163	380.793	7.262
20101007T170000	15.225	37.563	1.373	0.0000	154.374	7.602
20101007T180000	13.765	40.660	1.089	0.0337	82.061	7.629
20101007T190000	12.890	42.678	1.835	0.0167	42.656	7.467
20101007T200000	11.205	48.365	1.118	0.0302	6.502	7.250
20101007T210000	10.168	52.288	0.903	0.0238	6.142	6.875
20101007T220000	9.073	50.665	0.956	0.0167	6.142	6.562
20101007T230000	7.880	50.443	0.934	0.0226	6.142	6.226
20101008T000000	8.530	48.463	1.092	0.0011	6.142	5.918
20101008T010000	8.451	50.380	0.905	0.0056	6.142	5.665
20101008T020000	8.770	50.810	1.011	0.0000	6.142	5.472
20101008T030000	7.872	56.310	0.830	0.0000	6.142	5.370
20101008T040000	8.037	57.055	0.698	0.0186	6.142	5.295
20101008T050000	8.638	54.525	1.035	0.0226	6.142	5.196
20101008T060000	9.535	50.925	1.380	0.0031	6.142	5.128
20101008T070000	9.418	50.475	1.616	0.0000	6.142	5.106
20101008T080000	9.600	48.715	1.667	0.0059	6.581	5.051
20101008T090000	10.150	49.533	1.674	0.0095	32.701	4.953
20101008T100000	11.370	47.753	1.419	0.0000	216.652	5.067
20101008T110000	12.128	50.370	1.496	0.0059	451.154	5.268
20101008T120000	12.895	47.325	1.321	0.0000	493.560	5.708
20101008T130000	11.413	49.553	1.536	0.0000	535.522	6.277
20101008T140000	11.820	48.785	0.856	0.0000	647.338	6.408
20101008T150000	13.053	44.653	0.979	0.0262	468.870	6.665
20101008T160000	12.695	46.030	0.805	0.0127	321.875	7.232
20101008T170000	12.098	50.895	0.608	0.0088	212.975	7.569
20101008T180000	11.278	55.090	0.478	0.0000	125.631	7.686
20101008T190000	8.668	64.635	0.724	0.0436	27.461	7.582
20101008T200000	6.924	69.293	0.590	0.0206	6.142	7.195
20101008T210000	6.106	69.450	0.579	0.0115	6.142	6.755
20101008T220000	5.378	72.118	0.665	0.0000	6.142	6.350
20101008T230000	5.679	70.653	0.835	0.0000	6.142	5.997
20101009T000000	5.215	73.973	0.912	0.0389	6.142	5.737
20101009T010000	5.763	72.853	0.760	0.0000	6.142	5.496
20101009T020000	6.258	67.385	0.938	0.0297	6.142	5.284
20101009T030000	5.746	69.873	1.049	0.0000	6.142	5.133
20101009T040000	7.561	60.538	1.456	0.0000	6.142	4.943
20101009T050000	6.132	64.485	0.861	0.0055	6.142	4.931
20101009T060000	5.014	70.015	0.989	0.0000	6.142	4.791
20101009T070000	5.259	67.365	0.888	0.0221	6.142	4.650
20101009T080000	6.194	62.175	1.476	0.0000	8.259	4.571
20101009T090000	7.260	59.925	1.309	0.0000	28.204	4.584
20101009T100000	7.223	60.725	0.929	0.0000	29.881	4.733
20101009T110000	8.003	56.988	1.567	0.0364	80.660	4.816
20101009T120000	9.225	54.848	1.103	0.0000	227.871	4.963
20101009T130000	12.190	45.048	1.516	0.0000	694.910	5.272
20101009T140000	12.470	43.800	1.505	0.1325	662.614	5.915
20101009T150000	12.343	42.640	1.318	0.0591	497.775	6.259
20101009T160000	12.063	44.940	1.321	0.0000	439.047	6.455
20101009T170000	10.243	52.760	0.872	0.0000	188.222	6.656
20101009T180000	9.243	58.163	0.660	0.0131	121.574	6.673
20101009T190000	7.049	68.270	0.647	0.0120	32.443	6.623
20101009T200000	7.523	63.555	1.431	0.0000	6.142	6.287
20101009T210000	7.979	62.548	1.011	0.0000	6.142	6.087
20101009T220000	8.500	62.670	1.139	0.0059	6.142	5.938
20101009T230000	8.825	63.338	1.885	0.0000	6.142	5.900
20101010T000000	8.935	62.958	3.455	0.0000	6.142	5.826
20101010T010000	8.795	64.853	2.574	0.0000	6.142	5.778
20101010T020000	9.063	64.458	2.559	0.0079	6.142	5.752
20101010T030000	9.173	65.428	1.957	0.0000	6.142	5.729
20101010T040000	9.495	65.975	2.213	0.0000	6.142	5.698
20101010T050000	9.690	65.218	2.078	0.0000	6.142	5.765
20101010T060000	11.418	56.255	2.271	0.0000	6.142	5.763
20101010T070000	12.018	55.098	2.926	0.0000	6.142	5.792
20101010T080000	11.228	60.008	2.189	0.0000	6.142	5.842
20101010T090000	11.305	59.958	2.299	0.0000	17.201	5.828
20101010T100000	11.135	62.285	2.747	0.0047	53.343	5.893
20101010T110000	11.673	60.310	3.319	0.0401	118.658	6.066
20101010T120000	12.135	58.015	3.603	0.0000	167.178	6.348
20101010T130000	13.158	54.090	3.661	0.0000	334.457	6.600
20101010T140000	14.785	48.293	3.520	0.0000	572.192	7.009
20101010T150000	14.723	49.290	3.075	0.0944	376.863	7.630
20101010T160000	12.748	58.230	2.499	0.0421	208.665	8.150
20101010T170000	10.133	77.048	2.057	0.6800	111.910	8.298
20101010T180000	6.916	90.725	1.786	2.9599	64.684	8.094
20101010T190000	6.448	85.675	0.986	0.1223	38.336	7.865
20101010T200000	6.663	71.588	1.267	0.0470	6.142	7.581
20101010T210000	6.513	71.515	1.242	0.0000	6.142	7.253
20101010T220000	5.784	79.655	1.151	0.0207	6.142	6.928
20101010T230000	5.242	83.425	1.026	0.1747	6.142	6.710
20101011T000000	4.070	85.275	0.783	0.5390	6.142	6.553
20101011T010000	2.765	93.525	0.446	0.0283	6.142	6.355
20101011T020000	2.306	94.650	0.274	0.0000	6.142	6.191
20101011T030000	1.285	96.500	0.606	0.0080	6.142	6.007
20101011T040000	0.491	97.400	0.780	0.0072	6.142	5.691
20101011T050000	1.180	89.300	0.984	0.0124	6.142	5.402
20101011T060000	0.670	85.375	0.988	0.0000	6.142	5.210
20101011T070000	0.681	79.070	1.038	0.0814	6.142	5.001
20101011T080000	0.428	75.433	0.940	0.0579	6.142	4.868
20101011T090000	0.050	73.665	0.924	0.0000	39.483	4.685
20101011T100000	1.244	65.258	1.241	0.1026	203.771	4.432
20101011T110000	2.284	59.615	1.535	0.0264	307.201	4.499
20101011T120000	2.641	54.770	1.622	0.0000	410.269	4.658
20101011T130000	3.685	46.565	1.435	0.0000	526.173	4.769
20101011T140000	5.113	33.720	1.238	0.0000	616.214	4.899
20101011T150000	5.637	28.998	1.451	0.0155	614.852	5.029
20101011T160000	4.640	28.313	1.509	0.0000	491.341	5.227
20101011T170000	4.036	27.750	0.876	0.0000	203.664	5.029
20101011T180000	3.018	30.395	1.280	0.0602	29.833	4.895
20101011T190000	1.722	34.633	1.382	0.0000	16.516	4.592
20101011T200000	1.869	32.798	1.822	0.0000	6.142	4.249
20101011T210000	1.024	38.975	1.552	0.0000	6.142	3.987
20101011T220000	1.559	38.640	2.301	0.0000	6.142	3.704
20101011T230000	1.290	42.263	2.887	0.0000	6.142	3.507
20101012T000000	0.785	48.588	2.949	0.0000	6.142	3.330
20101012T010000	-0.022	60.915	2.718	0.0008	6.142	3.176
20101012T020000	-0.379	66.045	1.275	0.0443	6.142	3.065
20101012T030000	-0.460	69.610	1.660	0.0028	6.142	2.957
20101012T040000	1.093	51.850	1.712	0.0052	6.142	2.873
20101012T050000	1.573	47.500	1.829	0.0000	6.142	2.816
20101012T060000	1.805	45.885	1.402	0.0000	6.142	2.750
20101012T070000	1.832	46.450	1.160	0.0000	6.142	2.699
20101012T080000	1.844	46.623	1.370	0.0016	6.173	2.643
20101012T090000	1.178	53.363	0.768	0.0112	24.398	2.610
20101012T100000	2.139	49.375	0.999	0.0312	82.375	2.529
20101012T110000	2.986	48.663	0.819	0.0000	188.159	2.531
20101012T120000	3.639	48.465	0.793	0.0152	237.253	2.772
20101012T130000	4.011	47.468	1.309	0.0000	299.246	3.185
20101012T140000	3.954	48.240	1.411	0.0219	262.861	3.525
20101012T150000	4.180	47.810	1.441	0.0000	258.583	3.773
20101012T160000	4.519	46.525	1.101	0.0000	424.499	3.999
20101012T170000	5.223	44.290	1.238	0.0000	269.060	4.222
20101012T180000	3.631	49.003	1.339	0.0064	43.775	4.439
20101012T190000	3.278	49.075	1.154	0.0000	24.679	4.092
20101012T200000	3.465	46.668	1.216	0.0093	6.142	3.802
20101012T210000	3.038	50.883	1.004	0.0000	6.142	3.578
20101012T220000	3.343	50.115	0.915	0.0000	6.142	3.377
20101012T230000	3.272	52.418	0.815	0.0048	6.142	3.230
20101013T000000	3.331	52.925	0.985	0.0000	6.142	3.114
20101013T010000	4.397	46.358	1.743	0.0000	6.142	2.968
20101013T020000	5.160	44.108	1.543	0.0000	6.142	2.902
20101013T030000	4.512	49.160	1.597	0.0000	6.142	2.869
20101013T040000	4.381	54.003	1.715	0.0179	6.142	2.800
20101013T050000	4.735	56.140	1.760	0.0016	6.142	2.760
20101013T060000	3.945	60.258	1.064	0.0000	6.142	2.800
20101013T070000	3.257	61.340	0.768	0.0140	6.142	2.821
20101013T080000	1.854	66.095	0.816	0.0088	6.142	2.758
20101013T090000	0.898	69.825	0.700	0.0335	30.182	2.627
20101013T100000	2.633	58.353	0.538	0.0834	93.740	2.490
20101013T110000	4.208	48.125	0.627	0.0000	169.048	2.477
20101013T120000	5.907	40.635	1.145	0.0000	324.537	2.718
20101013T130000	8.019	34.375	1.689	0.0000	491.658	3.163
20101013T140000	10.067	27.740	1.209	0.0052	625.184	3.875
20101013T150000	11.050	24.020	1.075	0.0255	565.346	4.229
20101013T160000	10.163	25.388	0.788	0.0000	331.320	4.737
20101013T170000	10.315	23.683	0.622	0.0000	227.903	4.863
20101013T180000	7.828	34.740	0.585	0.0024	94.761	5.003
20101013T190000	5.520	33.788	1.129	0.0000	28.031	4.672
20101013T200000	5.637	32.847	1.129	0.0036	6.142	6.170
20101013T210000	5.036	31.379	1.201	0.0000	6.142	5.994
20101013T220000	4.065	36.340	1.224	0.0121	6.142	5.806
20101013T230000	3.854	38.603	1.199	0.0171	6.142	5.644
20101014T000000	4.162	37.950	1.137	0.0060	6.142	5.477
20101014T010000	4.773	37.741	1.216	0.0000	6.142	5.326
20101014T020000	4.581	39.227	1.154	0.0039	6.142	5.184
20101014T030000	4.173	40.901	1.235	0.0000	6.142	5.069
20101014T040000	5.524	35.169	1.303	0.0000	6.142	4.953
20101014T050000	8.062	23.540	1.340	0.0000	6.142	4.931
20101014T060000	9.317	18.151	1.337	0.0000	6.142	4.840
20101014T070000	9.247	19.252	1.291	0.0000	6.142	4.936
20101014T080000	9.274	19.028	1.261	0.0000	6.142	5.000
20101014T090000	9.525	18.117	1.255	0.0171	21.857	5.044
20101014T100000	10.446	17.286	1.347	0.0000	190.993	5.078
20101014T110000	11.516	15.300	1.438	0.1025	399.176	5.131
20101014T120000	12.417	13.553	1.430	0.0000	575.298	5.254
20101014T130000	12.748	13.422	1.436	0.0000	656.370	5.427
20101014T140000	13.149	13.192	1.421	0.0000	688.603	5.655
20101014T150000	13.231	13.780	1.392	0.0750	549.277	5.984
20101014T160000	12.857	15.300	1.345	0.0000	445.639	6.191
20101014T170000	12.171	17.294	1.252	0.0000	199.217	6.295
20101014T180000	11.023	21.618	1.187	0.0016	29.684	6.310
20101014T190000	10.211	22.642	1.102	0.0143	15.622	6.275
20101014T200000	9.535	24.522	1.081	0.0012	6.142	6.197
20101014T210000	9.042	27.840	1.155	0.0132	6.142	6.119
20101014T220000	8.675	30.969	1.109	0.0104	6.142	6.047
20101014T230000	7.835	31.666	1.088	0.0092	6.142	5.993
20101015T000000	7.805	33.433	1.177	0.0000	6.142	5.915
20101015T010000	8.486	32.816	1.333	0.0000	6.142	5.859
20101015T020000	7.716	37.318	1.135	0.0188	6.142	5.826
20101015T030000	7.688	39.232	1.113	0.0000	6.142	5.766
20101015T040000	7.429	44.918	1.128	0.0044	6.142	5.770
20101015T050000	6.465	55.709	1.117	0.0080	6.142	5.782
20101015T060000	4.184	80.482	1.021	0.7918	6.142	5.765
20101015T070000	2.638	89.873	0.993	0.0188	6.142	5.634
20101015T080000	1.334	90.234	1.000	1.7827	6.142	5.514
20101015T090000	-0.686	94.104	1.104	0.9095	6.142	5.331
20101015T100000	-1.697	96.116	1.010	2.3803	9.279	5.093
20101015T110000	-1.762	96.193	1.014	0.6687	12.098	4.919
20101015T120000	-1.272	95.264	0.994	0.5729	36.362	4.801
20101015T130000	-0.554	93.407	0.987	0.1484	39.525	4.725
20101015T140000	-0.486	92.865	1.002	0.1352	31.373	4.669
20101015T150000	-0.179	94.104	1.050	0.0540	165.977	4.597
20101015T160000	-0.551	90.156	1.030	0.0432	265.460	4.555
20101015T170000	-0.109	89.125	1.007	0.0000	187.402	4.518
20101015T180000	-0.999	89.692	1.073	0.0419	45.369	4.479
20101015T190000	-2.232	89.589	1.056	0.0271	13.118	4.410
20101015T200000	-2.885	89.899	1.030	0.0177	6.142	4.337
20101015T210000	-3.356	90.131	1.059	0.0000	6.142	4.278
20101015T220000	-3.928	90.801	1.068	0.0379	6.142	4.234
20101015T230000	-4.272	90.337	1.054	0.0000	6.142	4.174
20101016T000000	-4.644	91.188	1.093	0.0118	6.142	4.106
20101016T010000	-4.839	90.956	1.008	0.0262	6.142	4.031
20101016T020000	-5.260	90.750	1.084	0.0000	6.142	3.959
20101016T030000	-5.643	90.879	1.038	0.0041	6.142	3.877
20101016T040000	-5.730	91.008	1.026	0.0059	6.142	3.793
20101016T050000	-5.923	90.750	1.030	0.0033	6.142	3.713
20101016T060000	-6.116	90.853	1.061	0.0064	6.142	3.624
20101016T070000	-5.800	91.188	0.993	0.0387	6.142	3.542
20101016T080000	-5.474	91.085	0.984	0.0622	6.142	3.469
20101016T090000	-5.585	91.292	1.005	0.0040	30.891	3.412
20101016T100000	-4.239	91.575	0.984	0.0000	194.745	3.337
20101016T110000	-2.763	79.863	0.984	0.0086	232.308	3.307
20101016T120000	-1.848	72.124	0.984	0.0000	439.110	3.302
20101016T130000	-0.747	67.532	0.987	0.0185	593.775	3.284
20101016T140000	-0.072	62.437	0.985	0.0000	589.433	3.330
20101016T150000	0.255	62.767	0.985	0.0165	537.899	3.406
20101016T160000	0.464	60.549	0.989	0.0339	447.857	3.455
20101016T170000	-0.111	72.795	1.041	0.0411	186.416	3.491
20101016T180000	-0.537	77.980	1.039	0.0012	76.277	3.500
20101016T190000	-1.886	77.980	1.073	0.0024	15.342	3.503
20101016T200000	-3.154	78.341	1.102	0.0020	6.142	3.482
20101016T210000	-3.601	83.011	1.082	0.0000	6.142	3.447
20101016T220000	-4.104	85.126	1.072	0.0255	6.142	3.394
20101016T230000	-4.609	86.106	1.072	0.0000	6.142	3.342
20101017T000000	-4.706	86.416	1.086	0.0125	6.142	3.279
20101017T010000	-4.700	84.971	1.144	0.0020	6.142	3.213
20101017T020000	-5.056	82.546	1.166	0.0012	6.142	3.150
20101017T030000	-5.072	80.121	1.138	0.0067	6.142	3.080
20101017T040000	-5.068	77.903	1.188	0.0110	6.142	3.017
20101017T050000	-5.287	77.980	1.089	0.0028	6.142	2.957
20101017T060000	-5.524	78.419	1.112	0.0000	6.142	2.900
20101017T070000	-5.696	77.284	1.186	0.0028	6.142	2.850
20101017T080000	-5.756	76.587	1.175	0.0000	6.142	2.792
20101017T090000	-5.643	75.839	1.191	0.0408	20.052	2.738
20101017T100000	-4.347	74.910	1.060	0.0000	159.036	2.672
20101017T110000	-2.189	67.594	1.011	0.1638	358.608	2.622
20101017T120000	0.196	56.349	0.991	0.0000	546.044	2.619
20101017T130000	2.042	43.822	1.013	0.0000	632.790	2.622
20101017T140000	3.307	40.166	1.060	0.0000	661.758	2.661
20101017T150000	3.817	38.727	1.034	0.0848	531.497	2.759
20101017T160000	3.617	39.676	1.046	0.0545	438.409	2.827
20101017T170000	2.158	47.157	1.037	0.0085	104.792	2.889
20101017T180000	0.787	52.840	1.031	0.0374	28.255	2.948
20101017T190000	0.439	50.808	1.066	0.0000	15.405	2.971
20101017T200000	-0.629	54.788	1.079	0.0000	6.142	2.948
20101017T210000	-1.389	56.953	1.191	0.0000	6.142	2.907
20101017T220000	-1.465	56.279	1.138	0.0000	6.142	2.861
20101017T230000	-1.400	55.823	1.112	0.0221	6.142	2.834
20101018T000000	-1.651	56.339	1.157	0.0000	6.142	2.792
20101018T010000	-1.978	60.242	1.214	0.0400	6.142	2.749
20101018T020000	-2.273	62.894	1.157	0.0000	6.142	2.702
20101018T030000	-2.177	64.315	1.159	0.0315	6.142	2.652
20101018T040000	-2.208	64.501	1.107	0.0052	6.142	2.616
20101018T050000	-1.778	62.388	1.094	0.0443	6.142	2.585
20101018T060000	-0.926	60.701	1.052	0.0000	6.142	2.558
20101018T070000	-0.451	59.893	1.051	0.0000	6.142	2.557
20101018T080000	-0.324	58.544	1.048	0.0000	6.142	2.562
20101018T090000	-0.716	61.532	1.121	0.0028	25.645	2.564
20101018T100000	0.648	56.024	1.140	0.0000	172.997	2.535
20101018T110000	3.705	46.063	1.109	0.0613	280.419	2.534
20101018T120000	5.945	40.029	1.101	0.0000	450.742	2.582
20101018T130000	5.971	42.865	1.196	0.0000	516.918	2.691
20101018T140000	6.783	40.891	1.220	0.0298	462.341	2.796
20101018T150000	5.923	47.490	1.189	0.0126	488.996	2.942
20101018T160000	5.918	47.237	1.085	0.0000	451.914	3.084
20101018T170000	5.261	51.403	1.027	0.0467	148.796	3.219
20101018T180000	5.641	49.543	1.076	0.0000	109.388	3.329
20101018T190000	4.416	55.817	1.106	0.0020	31.843	3.431
20101018T200000	3.417	60.660	1.084	0.0205	6.142	3.475
20101018T210000	2.403	66.939	1.112	0.0110	6.142	3.467
20101018T220000	2.390	67.661	1.041	0.0000	6.142	3.432
20101018T230000	2.039	69.751	1.053	0.0012	6.142	3.406
20101019T000000	2.359	69.080	1.042	0.0000	6.142	3.373
20101019T010000	1.674	69.751	0.991	0.0213	6.142	3.368
20101019T020000	1.430	73.414	1.019	0.0000	6.142	3.377
20101019T030000	1.752	72.072	1.039	0.0004	6.142	3.338
20101019T040000	1.556	73.672	1.011	0.0000	6.142	3.319
20101019T050000	1.530	74.265	1.025	0.0065	6.142	3.316
20101019T060000	2.927	69.271	1.190	0.0000	6.142	3.331
20101019T070000	4.557	60.301	1.078	0.0000	6.142	3.413
20101019T080000	4.617	61.085	1.030	0.0012	6.142	3.464
20101019T090000	5.131	58.745	1.166	0.0000	13.727	3.516
20101019T100000	5.651	56.429	1.328	0.0488	41.985	3.581
20101019T110000	5.851	56.284	1.272	0.0278	134.220	3.656
20101019T120000	6.516	54.935	1.294	0.0000	284.381	3.753
20101019T130000	7.032	54.904	1.182	0.0000	502.783	3.868
20101019T140000	7.978	51.197	1.171	0.2020	660.237	3.942
20101019T150000	8.249	50.232	1.186	0.0089	489.852	4.244
20101019T160000	8.152	50.952	1.214	0.0186	401.331	4.423
20101019T170000	7.279	54.765	1.154	0.0085	83.316	4.566
20101019T180000	6.167	59.555	1.136	0.0447	34.594	4.625
20101019T190000	4.253	67.708	1.071	0.0146	13.618	4.585
20101019T200000	2.986	72.485	1.059	0.0117	6.142	4.502
20101019T210000	2.923	73.414	1.097	0.0000	6.142	4.436
20101019T220000	3.614	67.403	1.109	0.0000	6.142	4.403
20101019T230000	4.114	63.657	1.027	0.0012	6.142	4.342
20101020T000000	2.852	69.054	1.000	0.0109	6.142	4.289
20101020T010000	2.695	69.286	1.002	0.0000	6.142	4.248
20101020T020000	2.300	71.866	0.986	0.0000	6.142	4.183
20101020T030000	1.839	73.259	0.996	0.0000	6.142	4.078
20101020T040000	1.375	74.936	0.991	0.0000	6.142	3.959
20101020T050000	1.345	74.859	1.024	0.0411	6.142	3.832
20101020T060000	1.691	73.182	1.020	0.0239	6.142	3.730
20101020T070000	3.300	65.726	1.030	0.0000	6.142	3.608
20101020T080000	2.558	68.719	1.053	0.0024	6.142	3.512
20101020T090000	2.827	67.971	1.065	0.0098	11.879	3.466
20101020T100000	4.215	62.184	1.028	0.0710	61.419	3.378
20101020T110000	5.730	56.901	1.093	0.0000	292.717	3.315
20101020T120000	8.747	46.259	1.195	0.0290	532.511	3.299
20101020T130000	10.235	39.511	1.254	0.0000	582.397	3.479
20101020T140000	10.146	38.830	1.166	0.0000	606.643	3.748
20101020T150000	10.453	36.090	1.188	0.0621	443.864	4.110
20101020T160000	10.028	38.590	1.201	0.0205	383.773	4.369
20101020T170000	9.368	41.438	1.100	0.0072	111.197	4.540
20101020T180000	8.907	42.797	1.056	0.0351	73.840	4.681
20101020T190000	7.826	47.892	1.090	0.0000	17.438	4.784
20101020T200000	7.284	48.202	1.060	0.0016	6.142	4.768
20101020T210000	6.772	49.394	1.054	0.0093	6.142	4.676
20101020T220000	6.578	50.898	1.070	0.0060	6.142	4.585
20101020T230000	6.523	52.482	1.024	0.0000	6.142	4.472
20101021T000000	6.175	54.156	1.078	0.0089	6.142	4.362
20101021T010000	5.488	55.500	1.091	0.0078	6.142	4.246
20101021T020000	4.956	58.041	1.123	0.0121	6.142	4.129
20101021T030000	4.803	59.377	1.110	0.0060	6.142	4.030
20101021T040000	4.489	61.103	1.160	0.0020	6.142	3.939
20101021T050000	3.902	63.593	1.147	0.0068	6.142	3.870
20101021T060000	3.555	65.156	1.171	0.0020	6.142	3.797
20101021T070000	3.061	67.790	1.203	0.0000	6.142	3.716
20101021T080000	2.632	70.654	1.248	0.0048	6.142	3.634
20101021T090000	2.532	71.531	1.228	0.0000	9.387	3.554
20101021T100000	2.816	71.995	1.084	0.0242	93.750	3.462
20101021T110000	4.763	66.118	1.003	0.0000	334.014	3.384
20101021T120000	6.659	60.226	0.989	0.0016	507.410	3.421
20101021T130000	8.310	52.763	1.019	0.0000	600.082	3.589
20101021T140000	12.069	35.760	1.353	0.0000	621.159	3.811
20101021T150000	12.419	34.847	1.220	0.0887	461.169	4.230
20101021T160000	11.414	37.932	1.169	0.0000	404.082	4.492
20101021T170000	9.515	43.553	1.117	0.0287	30.860	4.690
20101021T180000	7.137	51.798	1.187	0.0000	25.307	4.839
20101021T190000	5.793	55.608	1.244	0.0008	8.806	4.859
20101021T200000	5.238	57.556	1.248	0.0129	6.142	4.746
20101021T210000	5.525	55.087	1.109	0.0251	6.142	4.603
20101021T220000	6.079	51.899	1.047	0.0197	6.142	4.466
20101021T230000	4.687	58.098	0.997	0.0000	6.142	4.335
20101022T000000	3.956	61.895	0.995	0.0000	6.142	4.213
20101022T010000	3.482	64.160	0.998	0.0000	6.142	4.095
20101022T020000	3.498	64.607	0.984	0.0097	6.142	3.973
20101022T030000	3.306	65.682	1.001	0.0000	6.142	3.855
20101022T040000	2.458	69.286	0.995	0.0000	6.142	3.741
20101022T050000	1.771	72.872	0.995	0.0000	6.142	3.631
20101022T060000	1.342	74.807	0.984	0.0028	6.142	3.521
20101022T070000	0.646	79.012	0.992	0.0000	6.142	3.411
20101022T080000	0.408	81.282	0.988	0.0016	6.142	3.296
20101022T090000	0.438	82.598	0.986	0.0197	12.819	3.184
20101022T100000	0.948	82.443	0.987	0.1431	36.115	3.085
20101022T110000	2.148	79.786	0.991	0.0000	150.472	3.005
20101022T120000	5.012	69.880	0.991	0.0000	493.560	2.943
20101022T130000	7.590	59.406	1.054	0.0629	253.004	3.084
20101022T140000	9.844	47.284	1.117	0.0000	369.289	3.382
20101022T150000	10.243	44.639	1.115	0.1008	253.353	3.760
20101022T160000	9.844	46.265	1.069	0.0000	185.021	4.084
20101022T170000	9.774	45.287	1.114	0.0000	130.369	4.402
20101022T180000	8.707	52.017	1.020	0.0060	38.964	4.629
20101022T190000	7.397	52.861	1.116	0.0072	7.709	4.725
20101022T200000	6.555	52.343	1.088	0.0028	6.142	4.693
20101022T210000	6.197	55.108	1.116	0.0173	6.142	4.611
20101022T220000	6.119	56.305	1.051	0.0000	6.142	4.547
20101022T230000	5.645	56.581	1.057	0.0000	6.142	4.547
20101023T000000	5.243	58.281	1.037	0.0275	6.142	4.510
20101023T010000	3.431	63.490	1.037	0.0000	6.142	4.454
20101023T020000	2.270	65.381	1.026	0.0000	6.142	4.336
20101023T030000	1.450	69.647	1.042	0.0000	6.142	4.207
20101023T040000	1.024	72.485	1.039	0.0000	6.142	4.082
20101023T050000	1.382	71.531	1.082	0.0766	6.142	3.938
20101023T060000	1.358	72.537	1.066	0.0000	6.142	3.835
20101023T070000	0.930	75.968	1.053	0.0000	6.142	3.744
20101023T080000	0.481	78.290	1.036	0.0000	6.142	3.657
20101023T090000	0.379	79.476	1.029	0.0515	24.781	3.551
20101023T100000	0.884	79.837	0.987	0.1525	77.485	3.441
20101023T110000	2.380	75.813	0.984	0.0000	272.084	3.356
20101023T120000	4.533	66.302	1.000	0.0000	454.957	3.410
20101023T130000	5.708	60.337	1.016	0.0508	407.701	3.532
20101023T140000	6.847	49.863	1.154	0.0141	350.114	3.771
20101023T150000	6.547	50.106	1.073	0.0000	357.118	4.095
20101023T160000	7.011	46.009	1.106	0.0295	240.485	4.225
20101023T170000	6.473	48.751	1.036	0.0471	88.153	4.314
20101023T180000	5.793	53.939	1.000	0.0000	62.883	4.350
20101023T190000	4.759	61.449	0.984	0.0101	8.336	4.368
20101023T200000	3.541	68.306	0.984	0.0000	6.142	4.343
20101023T210000	3.274	71.737	0.985	0.0267	6.142	4.284
20101023T220000	3.080	75.761	0.985	0.0000	6.142	4.219
20101023T230000	2.430	77.980	0.984	0.0295	6.142	4.157
20101024T000000	1.597	81.282	0.988	0.0000	6.142	4.075
20101024T010000	1.302	83.423	0.984	0.0004	6.142	3.971
20101024T020000	1.070	85.126	0.993	0.0117	6.142	3.877
20101024T030000	0.861	86.700	1.028	0.0105	6.142	3.764
20101024T040000	0.532	86.571	1.027	0.0000	6.142	3.636
20101024T050000	0.791	85.513	1.024	0.0927	6.142	3.509
20101024T060000	1.041	82.546	1.018	0.0665	6.142	3.434
20101024T070000	1.189	79.528	1.015	0.0000	6.142	3.401
20101024T080000	1.016	77.670	0.991	0.0024	6.142	3.384
20101024T090000	1.108	73.698	0.996	0.0000	10.281	3.352
20101024T100000	1.710	71.247	1.013	0.0758	45.864	3.364
20101024T110000	2.594	70.525	0.996	0.0000	77.367	3.395
20101024T120000	2.679	73.749	0.984	0.0064	94.923	3.471
20101024T130000	3.041	73.981	1.002	0.0520	129.367	3.559
20101024T140000	3.474	73.594	0.984	0.0012	147.433	3.668
20101024T150000	3.375	75.968	0.987	0.0000	141.221	3.791
20101024T160000	3.715	74.265	0.994	0.0020	115.923	3.913
20101024T170000	3.794	74.859	0.991	0.0000	150.906	4.001
20101024T180000	4.178	68.100	0.987	0.0000	108.963	4.087
20101024T190000	3.610	64.240	1.002	0.0000	15.170	4.162
20101024T200000	1.997	68.538	1.001	0.0032	6.142	4.159
20101024T210000	0.809	71.556	1.002	0.0000	6.142	4.036
20101024T220000	0.634	69.647	0.990	0.0056	6.142	3.858
20101024T230000	0.349	71.711	0.985	0.0000	6.142	3.682
20101025T000000	-0.281	76.123	0.991	0.0110	6.142	3.545
20101025T010000	-0.276	79.502	0.984	0.0298	6.142	3.404
20101025T020000	-0.126	80.018	0.984	0.0056	6.142	3.295
20101025T030000	-0.531	83.423	0.998	0.0000	6.142	3.228
20101025T040000	-0.579	90.698	1.018	0.2065	6.142	3.194
20101025T050000	-1.015	93.046	1.015	0.2155	6.142	3.157
20101025T060000	-1.278	93.871	0.990	0.1768	6.142	3.102
20101025T070000	-1.361	94.310	0.986	0.0998	6.142	3.056
20101025T080000	-1.520	94.207	0.994	0.0157	6.142	3.011
20101025T090000	-1.769	94.310	0.993	0.0000	8.792	2.967
20101025T100000	-1.750	94.490	0.993	0.1142	36.540	2.911
20101025T110000	-0.860	94.336	0.984	0.1316	80.746	2.875
20101025T120000	0.582	91.833	0.999	0.0000	168.826	2.908
20101025T130000	0.875	87.087	0.990	0.0222	199.284	3.013
20101025T140000	1.061	83.475	0.985	0.0004	157.036	3.168
20101025T150000	1.295	80.869	0.988	0.0000	124.106	3.279
20101025T160000	1.352	77.903	0.984	0.0000	96.932	3.322
20101025T170000	1.264	79.425	0.985	0.0000	63.438	3.342
20101025T180000	0.906	81.179	0.985	0.0044	41.734	3.326
20101025T190000	0.275	84.791	0.984	0.0060	10.342	3.293
20101025T200000	-0.730	88.480	0.984	0.0146	6.142	3.231
20101025T210000	-0.983	90.801	0.994	0.0000	6.142	3.117
20101025T220000	-1.430	93.226	0.985	0.0759	6.142	3.015
20101025T230000	-1.670	94.723	0.984	0.1820	6.142	2.909
20101026T000000	-1.773	95.187	0.984	0.0724	6.142	2.846
20101026T010000	-1.855	94.826	0.984	0.0000	6.142	2.822
20101026T020000	-1.996	94.310	0.984	0.0436	6.142	2.783
20101026T030000	-2.117	94.516	0.984	0.0666	6.142	2.756
20101026T040000	-2.000	94.671	0.984	0.0392	6.142	2.736
20101026T050000	-2.072	95.161	0.984	0.0158	6.142	2.705
20101026T060000	-2.196	95.187	0.984	0.0145	6.142	2.668
20101026T070000	-2.484	94.671	0.984	0.0061	6.142	2.640
20101026T080000	-2.437	94.981	0.984	0.0278	6.142	2.600
20101026T090000	-2.219	95.032	0.984	0.0784	6.989	2.571
20101026T100000	-1.806	94.955	0.984	0.1306	29.361	2.540
20101026T110000	-1.107	94.155	0.984	0.0271	61.777	2.522
20101026T120000	-0.714	93.355	0.987	0.0472	72.087	2.532
20101026T130000	-0.625	93.252	1.004	0.0000	103.882	2.557
20101026T140000	-0.418	92.659	1.051	0.1071	181.884	2.607
20101026T150000	-0.040	91.627	1.022	0.0000	232.308	2.730
20101026T160000	-0.439	91.317	1.141	0.0000	194.308	2.825
20101026T170000	-0.881	92.736	1.003	0.0000	113.739	2.889
20101026T180000	-0.624	92.246	0.984	0.0000	52.735	2.947
20101026T190000	-1.025	92.427	0.991	0.0061	13.118	2.933
20101026T200000	-1.479	93.871	0.984	0.0081	6.142	2.864
20101026T210000	-1.699	94.490	0.984	0.0008	6.142	2.770
20101026T220000	-1.787	94.258	0.987	0.0173	6.142	2.683
20101026T230000	-1.596	94.181	0.984	0.0368	6.142	2.613
20101027T000000	-1.437	93.871	0.984	0.0000	6.142	2.558
20101027T010000	-1.560	94.052	0.990	0.0319	6.142	2.509
20101027T020000	-1.509	94.000	0.992	0.0000	6.142	2.462
20101027T030000	-1.488	93.923	0.996	0.0000	6.142	2.434
20101027T040000	-1.776	93.871	0.994	0.0000	6.142	2.408
20101027T050000	-1.733	94.052	0.997	0.0251	6.142	2.385
20101027T060000	-1.719	93.613	0.989	0.0000	6.142	2.365
20101027T070000	-1.921	93.355	1.002	0.0068	6.142	2.355
20101027T080000	-2.448	93.226	1.001	0.0028	6.142	2.335
20101027T090000	-2.634	93.355	1.015	0.0804	17.258	2.286
20101027T100000	-1.932	92.943	0.996	0.1952	58.272	2.242
20101027T110000	-0.508	89.770	1.026	0.0000	258.646	2.207
20101027T120000	1.648	73.311	1.092	0.0000	413.596	2.218
20101027T130000	2.660	55.988	1.142	0.0767	243.750	2.277
20101027T140000	2.844	54.504	1.111	0.0000	513.685	2.477
20101027T150000	3.599	47.580	1.117	0.1850	404.120	2.648
20101027T160000	2.945	42.773	1.184	0.0068	285.807	0.778
20101027T170000	1.457	50.458	1.500	0.0348	127.098	0.865
20101027T180000	-0.424	58.323	0.793	0.0000	34.273	0.943
20101027T190000	-2.060	68.435	0.549	0.0000	8.493	0.870
20101027T200000	-2.975	73.693	0.725	0.0000	6.142	0.780
20101027T210000	-3.218	75.040	0.900	0.0359	6.142	0.703
20101027T220000	-3.914	77.110	0.797	0.0930	6.142	0.650
20101027T230000	-4.185	76.255	0.806	0.0000	6.142	0.586
20101028T000000	-2.900	65.573	0.783	0.0542	6.142	0.488
20101028T010000	-2.291	63.513	0.701	0.0000	6.142	0.470
20101028T020000	-3.556	70.843	0.736	0.0008	6.142	0.461
20101028T030000	-4.594	76.995	0.871	0.0000	6.142	0.398
20101028T040000	-5.111	79.368	0.838	0.0000	6.142	0.335
20101028T050000	-5.514	81.978	0.786	0.0048	6.142	0.284
20101028T060000	-5.276	81.925	0.739	0.0000	6.142	0.225
20101028T070000	-5.355	80.620	0.765	0.0000	6.142	0.211
20101028T080000	-5.923	84.300	0.839	0.0000	6.142	0.171
20101028T090000	-5.742	83.875	0.487	0.0000	14.580	0.126
20101028T100000	-4.204	77.443	0.527	0.2173	85.053	0.028
20101028T110000	-3.004	74.173	0.434	0.0000	170.918	0.039
20101028T120000	-2.573	76.750	0.511	0.0000	206.732	0.122
20101028T130000	-0.859	64.278	0.525	0.0000	283.969	0.119
20101028T140000	0.141	57.128	0.991	0.0000	272.338	0.200
20101028T150000	0.404	57.715	1.245	0.0000	212.215	0.235
20101028T160000	0.279	61.725	0.989	0.0291	170.189	0.243
20101028T170000	0.389	61.765	1.527	0.0166	110.392	0.243
20101028T180000	-0.071	65.050	1.365	0.0000	52.558	0.265
20101028T190000	-0.650	69.603	1.203	0.0000	8.524	0.257
20101028T200000	-0.959	71.358	1.129	0.0000	6.142	0.239
20101028T210000	-1.202	73.783	1.275	0.0178	6.142	0.232
20101028T220000	-1.506	76.885	1.578	0.0201	6.142	0.226
20101028T230000	-1.745	79.653	1.369	0.0226	6.142	0.224
20101029T000000	-1.422	77.980	1.539	0.0307	6.142	0.216
20101029T010000	-0.948	75.490	1.196	0.0016	6.142	0.219
20101029T020000	-0.904	76.323	1.181	0.0000	6.142	0.240
20101029T030000	-1.911	85.600	1.873	0.0000	6.142	0.245
20101029T040000	-2.636	94.600	1.676	0.0000	6.142	0.227
20101029T050000	-2.346	90.425	1.329	0.0000	6.142	0.205
20101029T060000	-2.302	87.800	1.392	0.0000	6.142	0.189
20101029T070000	-1.977	83.850	1.458	0.0000	6.142	0.162
20101029T080000	-1.750	79.010	0.900	0.0000	6.142	0.164
20101029T090000	-2.356	83.758	1.426	0.0185	6.142	0.143
20101029T100000	-0.708	69.608	0.646	0.1410	49.837	0.029
20101029T110000	1.455	59.888	1.297	0.0000	261.784	0.020
20101029T120000	1.833	60.145	1.667	0.0949	162.465	0.162
20101029T130000	2.295	48.668	1.050	0.0000	168.446	0.230
20101029T140000	1.434	51.948	1.203	0.0004	222.610	0.244
20101029T150000	2.385	44.303	0.900	0.0000	170.220	0.140
20101029T160000	2.574	39.875	1.249	0.0319	221.380	0.196
20101029T170000	1.407	43.183	1.393	0.0000	58.389	0.328
20101029T180000	0.163	49.850	0.704	0.0081	28.413	0.308
20101029T190000	-0.802	55.278	0.644	0.0000	7.569	0.259
20101029T200000	-1.266	57.308	0.681	0.0000	6.142	0.201
20101029T210000	-2.492	64.188	0.827	0.0110	6.142	0.148
20101029T220000	-3.122	66.843	0.849	0.0093	6.142	0.083
20101029T230000	-3.270	66.210	0.742	0.0836	6.142	0.035
20101030T000000	-3.950	70.870	0.847	0.0109	6.142	-0.004
20101030T010000	-3.553	67.780	0.944	0.0000	6.142	-0.045
20101030T020000	-3.739	68.845	0.959	0.0000	6.142	-0.069
20101030T030000	-3.639	68.495	0.986	0.0000	6.142	-0.094
20101030T040000	-3.748	70.333	1.253	0.0452	6.142	-0.104
20101030T050000	-4.312	75.413	1.355	0.0000	6.142	-0.130
20101030T060000	-3.870	76.105	1.345	0.0000	6.142	-0.192
20101030T070000	-4.337	78.030	1.204	0.0396	6.142	-0.180
20101030T080000	-4.182	78.675	1.508	0.0000	6.142	-0.237
20101030T090000	-4.265	79.045	1.403	0.0166	9.090	-0.257
20101030T100000	-1.960	67.483	1.525	0.1321	62.566	-0.383
20101030T110000	0.329	54.053	1.523	0.0000	274.588	-0.338
20101030T120000	1.577	48.210	1.888	0.0000	461.517	-0.216
20101030T130000	1.995	46.903	1.777	0.0000	541.481	-0.176
20101030T140000	3.223	39.573	1.669	0.0000	579.767	-0.167
20101030T150000	4.478	30.340	1.251	0.1472	311.765	-0.098
20101030T160000	4.203	28.485	1.113	0.0000	182.400	-0.044
20101030T170000	3.109	32.908	1.285	0.0425	27.187	0.008
20101030T180000	-0.914	50.370	1.330	0.0113	19.417	0.162
20101030T190000	-1.827	55.783	1.719	0.0000	9.120	-0.074
20101030T200000	-1.631	53.260	1.963	0.0000	6.142	-0.204
20101030T210000	-1.995	59.623	2.141	0.0048	6.142	-0.274
20101030T220000	-1.992	62.295	2.345	0.0206	6.142	-0.325
20101030T230000	-1.268	57.060	1.686	0.0202	6.142	-0.361
20101031T000000	-1.709	62.420	1.917	0.0004	6.142	-0.390
20101031T010000	-2.444	70.248	1.963	0.0000	6.142	-0.434
20101031T020000	-2.728	73.518	1.993	0.0582	6.142	-0.476
20101031T030000	-2.789	77.288	1.748	0.0000	6.142	-0.504
20101031T040000	-0.511	71.855	1.026	0.0000	6.142	-0.555
20101031T050000	0.467	69.083	1.223	0.0000	6.142	-0.563
20101031T060000	1.666	65.755	1.940	0.0000	6.142	-0.499
20101031T070000	0.115	71.873	1.278	0.0157	6.142	-0.396
20101031T080000	-0.588	76.270	1.176	0.0000	6.142	-0.384
20101031T090000	-0.154	74.938	1.300	0.0093	6.142	-0.389
20101031T100000	1.127	69.085	0.786	0.0073	23.258	-0.372
20101031T110000	1.820	65.680	0.818	0.0089	62.877	-0.320
20101031T120000	3.035	58.628	0.934	0.0836	141.506	-0.294
20101031T130000	3.351	56.200	0.787	0.0000	119.935	-0.186
20101031T140000	4.677	50.443	1.349	0.0000	375.627	-0.234
20101031T150000	4.859	48.938	2.003	0.1338	239.028	-0.097
20101031T160000	3.946	53.303	1.385	0.0379	171.298	-0.061
20101031T170000	3.337	53.670	1.480	0.0064	91.775	-0.036
20101031T180000	2.751	54.495	1.013	0.0000	33.109	-0.041
20101031T190000	2.247	57.280	1.083	0.0214	6.142	-0.052
20101031T200000	2.006	59.263	1.413	0.0355	6.142	-0.062
20101031T210000	1.920	55.608	1.048	0.0177	6.142	-0.061
20101031T220000	1.811	53.698	1.755	0.0000	6.142	-0.063
20101031T230000	1.266	54.575	1.560	0.0000	6.142	-0.048